-7563.1,-854.8,9.56,0.26,57.980000000000004,18.433752441406252,18.962873535156252,0.9166035652160645
-7563.1,-854.8,9.56,60.06,-0.52,13.123065185546876,19.414398193359375,0.8834742307662964
-7563.1,-854.8,9.56,28.080000000000002,-0.52,11.413670654296874,13.8072265625,0.8349661827087402
-7563.1,-854.8,10.06,60.580000000000005,-0.52,12.753465576171877,18.2139892578125,0.8265252709388733
-7563.1,-854.8,10.06,28.080000000000002,-0.52,11.2690185546875,12.591818847656251,0.769466757774353
-7563.1,-854.8,10.06,1.3,58.24,16.882867431640623,16.45215087890625,0.7657012343406677
-7563.1,-854.8,10.56,60.32,-0.52,12.89108154296875,19.45953125,0.7564710378646851
-7563.1,-854.8,11.06,59.28,-0.26,13.105379638671875,21.10791748046875,0.614672064781189
-7563.1,-854.8,9.06,0.26,58.5,18.438709716796875,18.959405517578126,0.920225977897644
-7563.1,-854.8,9.06,59.800000000000004,0.0,12.542828369140626,19.295020751953125,0.8767232298851013
-7563.1,-854.8,9.06,27.560000000000002,-0.26,11.602746582031251,14.401510009765625,0.8757050633430481
-7563.1,-854.8,8.56,0.52,59.02,17.506499023437502,18.3508203125,0.9165813326835632
-7563.1,-854.8,8.56,15.860000000000001,21.060000000000002,15.544083251953126,15.767105712890626,0.9110741019248962
-7563.1,-854.8,8.56,26.78,-0.26,11.996953125000001,14.992183837890625,0.8940245509147644
-7563.1,-854.8,8.56,59.800000000000004,0.78,12.463675537109376,18.7335400390625,0.8724613785743713
-7563.1,-854.8,8.06,16.12,21.060000000000002,15.405224609375,15.542403564453126,0.9231042861938477
-7563.1,-854.8,8.06,0.0,59.28,17.1938330078125,19.1053466796875,0.919942319393158
-7563.1,-854.8,8.06,26.78,0.0,12.11444580078125,14.922169189453125,0.8962414264678955
-7563.1,-854.8,8.06,59.28,0.52,12.36631103515625,19.08614013671875,0.883521556854248
-7563.1,-854.8,7.56,16.38,21.060000000000002,15.1646044921875,15.576887207031252,0.9258962273597717
-7563.1,-854.8,7.56,0.0,59.28,16.87029296875,19.056038818359376,0.9198608994483948
-7563.1,-854.8,7.56,26.26,0.0,12.224393310546875,14.9269970703125,0.899572491645813
-7563.1,-854.8,7.56,60.06,0.52,11.93681884765625,18.0382861328125,0.8832699060440063
-7563.1,-854.8,7.06,16.12,21.060000000000002,14.871406250000001,15.816911621093752,0.9251840710639954
-7563.1,-854.8,7.06,0.0,59.28,16.9933544921875,19.027940673828127,0.9175710678100586
-7563.1,-854.8,7.06,26.26,0.0,12.191691894531251,15.005439453125001,0.9027184844017029
-7563.1,-854.8,7.06,60.32,0.78,11.88866455078125,17.52870361328125,0.873759925365448
-7563.1,-854.8,6.56,15.860000000000001,21.060000000000002,14.943175048828126,15.801927490234377,0.9243741035461426
-7563.1,-854.8,6.56,0.26,59.28,16.971516113281254,18.728646240234376,0.9175371527671814
-7563.1,-854.8,6.56,26.26,0.0,12.283693847656249,15.02781005859375,0.9038548469543457
-7563.1,-854.8,6.56,60.06,0.78,12.589429931640625,17.681743164062503,0.8799841403961182
-7563.1,-854.8,6.06,16.12,21.060000000000002,15.117061767578125,15.491527099609376,0.9296026825904846
-7563.1,-854.8,6.06,0.52,58.760000000000005,17.517293701171877,18.398538818359377,0.9188893437385559
-7563.1,-854.8,6.06,26.52,0.0,12.288267822265626,14.708115234375,0.8973524570465088
-7563.1,-854.8,6.06,60.06,0.78,12.865743408203127,17.241021728515626,0.8788753747940063
-7563.1,-854.8,5.56,15.860000000000001,20.8,15.515336914062502,16.1033837890625,0.92818683385849
-7563.1,-854.8,5.56,0.52,58.5,17.96637451171875,18.66281005859375,0.9155780673027039
-7563.1,-854.8,5.56,60.580000000000005,0.0,13.568267822265625,18.067601318359376,0.8958553075790405
-7563.1,-854.8,5.56,26.78,0.0,12.338328857421876,14.164554443359375,0.8858866095542908
-7563.1,-854.8,5.06,60.06,0.0,14.2171923828125,19.226380615234376,0.8977100253105164
-7563.1,-854.8,5.06,15.08,20.8,16.765140380859375,17.728968505859378,0.8968518972396851
-7563.1,-854.8,5.06,0.52,57.980000000000004,18.24709350585938,18.09800048828125,0.8630052804946899
-7563.1,-854.8,5.06,26.52,-0.26,12.731702880859375,14.724511718750001,0.8481119871139526
-7563.1,-854.8,4.56,58.5,-0.26,14.312365722656251,21.304064941406253,0.8386172652244568
-7363.1,-854.8,9.56,23.92,82.68,16.980649414062498,15.16861572265625,0.9154265522956848
-7363.1,-854.8,9.56,11.18,72.02,14.6677587890625,15.770585937500002,0.9069926142692566
-7363.1,-854.8,9.56,100.62,93.08,17.363371582031252,18.225351562500002,0.8455554246902466
-7363.1,-854.8,9.56,15.860000000000001,101.92,15.01201904296875,16.9152685546875,0.8290078639984131
-7363.1,-854.8,9.56,1.04,91.52000000000001,11.51476318359375,8.7459765625,0.7892424464225769
-7363.1,-854.8,9.56,62.14,128.44,4.517169189453125,20.957753906249998,0.7882279753684998
-7363.1,-854.8,9.56,1.56,130.52,2.3805227661132813,18.591932373046877,0.6676349639892578
-7363.1,-854.8,9.56,103.74000000000001,125.06,8.172952270507812,27.403181152343752,0.5716535449028015
-7363.1,-854.8,10.06,23.66,82.42,16.963809814453125,15.275224609375002,0.902135968208313
-7363.1,-854.8,10.06,11.700000000000001,72.28,14.533585205078126,14.413109130859375,0.8925740122795105
-7363.1,-854.8,10.06,1.04,92.04,11.441274414062502,8.426367797851563,0.7933814525604248
-7363.1,-854.8,10.06,15.860000000000001,101.92,15.06220458984375,16.874930419921874,0.6367518305778503
-7363.1,-854.8,10.06,2.08,130.52,2.1111706542968753,18.392686767578127,0.6031895875930786
-7363.1,-854.8,10.56,24.44,82.42,16.954748535156252,14.196820068359374,0.8809196949005127
-7363.1,-854.8,10.56,11.96,72.8,14.312213134765626,13.46433349609375,0.8475403189659119
-7363.1,-854.8,9.06,100.62,93.34,17.250047607421873,18.4371923828125,0.9272282719612122
-7363.1,-854.8,9.06,23.92,82.16,17.297178955078124,15.1306787109375,0.9139602780342102
-7363.1,-854.8,9.06,79.56,79.82000000000001,17.547188720703126,17.983281249999997,0.9095007181167603
-7363.1,-854.8,9.06,10.92,72.02,14.728374023437501,16.325155029296877,0.909328281879425
-7363.1,-854.8,9.06,15.860000000000001,102.18,14.741041259765625,17.146866455078126,0.8723301887512207
-7363.1,-854.8,9.06,62.92,128.44,4.681094970703125,19.412130126953127,0.8484330177307129
-7363.1,-854.8,9.06,0.78,91.26,11.74503173828125,9.24659912109375,0.8005884885787964
-7363.1,-854.8,9.06,119.08,124.54,8.037642822265626,12.127561035156251,0.7632442712783813
-7363.1,-854.8,9.06,1.56,130.52,2.6812646484375,18.5461279296875,0.7290804386138916
-7363.1,-854.8,9.06,103.48,125.58,7.952993774414063,27.1479443359375,0.6191613674163818
-7363.1,-854.8,9.06,100.36,130.0,2.691802673339844,19.003629150390626,0.5344997644424438
-7363.1,-854.8,8.56,101.14,93.34,17.130531005859375,18.234036865234376,0.9363470673561096
-7363.1,-854.8,8.56,79.3,79.82000000000001,17.45495361328125,18.580941162109376,0.934208869934082
-7363.1,-854.8,8.56,23.92,82.16,16.962119140625,15.182274169921875,0.9199870824813843
-7363.1,-854.8,8.56,10.4,72.02,14.83704345703125,16.922381591796874,0.9131813645362854
-7363.1,-854.8,8.56,15.34,101.92,15.184863281250001,17.700963134765626,0.9008748531341553
-7363.1,-854.8,8.56,63.18,128.18,4.782655944824219,18.8928857421875,0.8518913388252258
-7363.1,-854.8,8.56,119.08,124.02000000000001,8.261806030273437,11.85498779296875,0.8272700905799866
-7363.1,-854.8,8.56,0.78,91.26,11.679227294921876,9.380436401367188,0.80763840675354
-7363.1,-854.8,8.56,1.56,130.26,2.9523550415039064,18.30186767578125,0.718593955039978
-7363.1,-854.8,8.56,100.62,129.22,3.4264984130859375,17.335213623046876,0.7116514444351196
-7363.1,-854.8,8.06,101.14,93.34,17.077827148437503,18.470596923828126,0.937049925327301
-7363.1,-854.8,8.06,79.04,79.82000000000001,17.2076318359375,18.824329833984375,0.9350233674049377
-7363.1,-854.8,8.06,23.92,82.16,16.685572509765628,15.1364697265625,0.9254263639450073
-7363.1,-854.8,8.06,9.88,72.28,14.10144287109375,17.782476806640627,0.916062593460083
-7363.1,-854.8,8.06,15.08,102.18,14.998045654296876,18.180239257812502,0.9100929498672485
-7363.1,-854.8,8.06,63.18,128.18,4.870650939941407,19.08834838867188,0.8567947745323181
-7363.1,-854.8,8.06,119.34,124.02000000000001,8.523053588867187,11.796123046875,0.8314087390899658
-7363.1,-854.8,8.06,0.78,91.52000000000001,11.416169433593751,9.46383544921875,0.805891752243042
-7363.1,-854.8,8.06,2.8600000000000003,130.0,3.321504516601563,12.27041015625,0.7004874348640442
-7363.1,-854.8,8.06,100.36,129.48000000000002,3.171324462890625,15.5813671875,0.682785153388977
-7363.1,-854.8,7.56,101.14,93.60000000000001,16.81816650390625,18.43296875,0.9407902359962463
-7363.1,-854.8,7.56,79.04,79.82000000000001,16.6709228515625,18.857283935546874,0.9338198304176331
-7363.1,-854.8,7.56,23.66,82.16,16.79582275390625,15.4267431640625,0.9263308048248291
-7363.1,-854.8,7.56,15.34,102.44,14.963538818359376,18.02139892578125,0.9168562889099121
-7363.1,-854.8,7.56,10.14,72.28,13.847073974609375,17.58281005859375,0.9139130711555481
-7363.1,-854.8,7.56,62.92,127.92,4.869707031250001,19.83049072265625,0.8510429859161377
-7363.1,-854.8,7.56,119.08,124.28,8.40877197265625,11.891163330078125,0.8283568024635315
-7363.1,-854.8,7.56,0.78,91.52000000000001,11.019326171874999,9.365103149414063,0.7992879152297974
-7363.1,-854.8,7.56,3.12,129.74,3.538427429199219,11.831632080078125,0.7095156311988831
-7363.1,-854.8,7.56,100.62,129.48000000000002,3.118244018554688,15.382468261718751,0.6391860246658325
-7363.1,-854.8,7.06,101.14,93.60000000000001,16.635311279296875,18.51860107421875,0.9401538372039795
-7363.1,-854.8,7.06,79.04,79.82000000000001,16.319520263671876,18.899019775390627,0.9323744177818298
-7363.1,-854.8,7.06,23.400000000000002,81.9,16.791346435546874,15.874892578125,0.9262319803237915
-7363.1,-854.8,7.06,10.4,72.28,13.834930419921875,17.057205810546876,0.9158803820610046
-7363.1,-854.8,7.06,15.34,102.18,15.14303466796875,18.58230712890625,0.9150763154029846
-7363.1,-854.8,7.06,63.440000000000005,127.92,4.988000183105469,18.92205810546875,0.8544159531593323
-7363.1,-854.8,7.06,119.34,124.02000000000001,8.379033203125001,11.80970703125,0.8237087726593018
-7363.1,-854.8,7.06,1.04,91.26,11.080400390625,9.379277343750001,0.8095196485519409
-7363.1,-854.8,7.06,3.12,129.74,3.6447286987304692,11.459278564453125,0.6850228905677795
-7363.1,-854.8,7.06,100.62,129.48000000000002,3.1074310302734376,14.874365234375,0.6635752320289612
-7363.1,-854.8,6.56,101.14,93.34,17.12637939453125,18.3370361328125,0.9425721168518066
-7363.1,-854.8,6.56,79.04,79.56,16.40222412109375,18.87865234375,0.9329171180725098
-7363.1,-854.8,6.56,23.14,81.9,16.957083740234374,16.302613525390626,0.9244793057441711
-7363.1,-854.8,6.56,10.4,72.28,14.009129638671874,16.898828124999998,0.9174240231513977
-7363.1,-854.8,6.56,15.08,101.66,15.653477783203126,18.9957177734375,0.910378098487854
-7363.1,-854.8,6.56,63.18,128.18,4.907228393554687,19.21292114257813,0.8627147078514099
-7363.1,-854.8,6.56,1.04,90.74000000000001,11.64392333984375,9.366203002929687,0.8213422894477844
-7363.1,-854.8,6.56,119.34,124.28,8.124542846679688,11.921811523437501,0.8061966300010681
-7363.1,-854.8,6.56,2.08,130.0,3.20334716796875,17.934451904296875,0.7085501551628113
-7363.1,-854.8,6.56,100.88000000000001,129.22,3.27552490234375,13.985214843749999,0.6372823715209961
-7363.1,-854.8,6.06,101.14,93.08,17.666136474609374,18.65418701171875,0.9403333067893982
-7363.1,-854.8,6.06,78.78,79.56,16.85652587890625,19.03792236328125,0.9340810179710388
-7363.1,-854.8,6.06,23.14,81.64,17.220332031250003,16.447991943359376,0.9240916967391968
-7363.1,-854.8,6.06,9.88,71.76,14.559442138671875,17.601485595703124,0.9128094911575317
-7363.1,-854.8,6.06,15.08,101.66,16.14953369140625,19.07281005859375,0.9125810861587524
-7363.1,-854.8,6.06,63.18,128.18,4.905190124511719,19.290092773437504,0.8603735566139221
-7363.1,-854.8,6.06,117.0,123.24000000000001,9.809750366210936,16.234801025390624,0.817313015460968
-7363.1,-854.8,6.06,1.04,90.74000000000001,11.91405517578125,8.607144165039063,0.7774357795715332
-7363.1,-854.8,6.06,2.08,130.0,3.164244384765625,18.125777587890628,0.7329303026199341
-7363.1,-854.8,6.06,100.10000000000001,129.48000000000002,2.9240972900390623,16.299101562500002,0.5424261689186096
-7363.1,-854.8,5.56,78.78,79.56,17.334058837890623,18.933741455078124,0.9345486760139465
-7363.1,-854.8,5.56,101.4,93.08,17.68938232421875,17.962276611328125,0.9325512647628784
-7363.1,-854.8,5.56,23.14,81.9,16.50669189453125,16.199219970703126,0.9182043075561523
-7363.1,-854.8,5.56,15.08,101.66,16.422559814453127,18.43584106445313,0.9093383550643921
-7363.1,-854.8,5.56,9.36,72.02,14.342060546875,18.147603759765627,0.8839577436447144
-7363.1,-854.8,5.56,62.92,128.18,4.916877746582031,19.550651855468754,0.8418275117874146
-7363.1,-854.8,5.56,1.82,130.0,3.1154519653320314,18.595576171875,0.7592548727989197
-7363.1,-854.8,5.56,115.44,122.98,9.94337829589844,18.0929345703125,0.7469088435173035
-7363.1,-854.8,5.56,1.82,92.04,11.35211181640625,6.863900756835937,0.5842919945716858
-7363.1,-854.8,5.06,79.04,79.56,18.05921630859375,18.682509765625,0.9311940670013428
-7363.1,-854.8,5.06,15.08,100.62,17.20614013671875,18.2616552734375,0.8837490677833557
-7363.1,-854.8,5.06,100.88000000000001,92.56,18.67681640625,17.82778076171875,0.8800978064537048
-7363.1,-854.8,5.06,24.18,81.38000000000001,18.567301025390627,14.75353759765625,0.8556646108627319
-7363.1,-854.8,5.06,59.54,126.88000000000001,5.98851318359375,26.0651806640625,0.7744607329368591
-7363.1,-854.8,5.06,2.34,130.26,2.9736782836914064,17.827478027343748,0.773161768913269
-7363.1,-854.8,5.06,103.22,124.28,9.053629150390625,31.0349658203125,0.6157588362693787
-7363.1,-854.8,5.06,9.36,72.54,13.627784423828125,17.374830322265627,0.5130137801170349
-7363.1,-854.8,4.56,2.08,130.26,2.9251611328125002,18.444307861328124,0.7367910742759705
-7363.1,-854.8,4.56,78.78,79.56,18.782698974609374,19.798092041015625,0.7334257364273071
-8363.1,-654.8,9.56,49.14,94.12,15.04194091796875,17.009071044921875,0.9391508102416992
-8363.1,-654.8,9.56,74.62,69.16,12.00165771484375,14.77358642578125,0.9013140201568604
-8363.1,-654.8,9.56,28.86,42.120000000000005,15.655086669921877,18.504348144531253,0.8587622046470642
-8363.1,-654.8,9.56,62.92,66.56,12.36395263671875,13.04865234375,0.8544918298721313
-8363.1,-654.8,9.56,1.56,86.58,14.956954345703124,6.705781860351562,0.7727524042129517
-8363.1,-654.8,9.56,46.28,74.36,12.23181396484375,17.940045166015626,0.7637755274772644
-8363.1,-654.8,9.56,71.5,24.18,19.219002685546876,18.0930029296875,0.5932563543319702
-8363.1,-654.8,10.06,49.14,93.86,15.048377685546876,16.534273681640624,0.9323486089706421
-8363.1,-654.8,10.06,73.58,68.38,11.911413574218752,14.756610107421874,0.906356930732727
-8363.1,-654.8,10.06,63.440000000000005,66.3,12.408077392578125,12.484825439453125,0.8662660717964172
-8363.1,-654.8,10.06,28.6,41.86,15.770837402343751,18.42265625,0.7974109053611755
-8363.1,-654.8,10.06,71.5,23.66,19.061920166015625,18.1382275390625,0.7249642610549927
-8363.1,-654.8,10.56,74.88,69.68,11.599849853515625,14.798750000000002,0.9027533531188965
-8363.1,-654.8,10.56,49.4,93.60000000000001,15.599366455078124,15.722552490234374,0.8882339000701904
-8363.1,-654.8,10.56,64.22,66.56,12.259398193359374,11.736839599609375,0.8432905077934265
-8363.1,-654.8,10.56,28.34,41.6,16.12793212890625,18.712020263671874,0.7113869190216064
-8363.1,-654.8,11.06,74.62,70.46000000000001,11.003160400390625,15.670556640625001,0.7855976819992065
-8363.1,-654.8,11.06,64.22,67.34,11.628092041015625,11.870452880859375,0.737773597240448
-8363.1,-654.8,11.06,28.6,41.08,16.960581054687502,18.245467529296874,0.7043842673301697
-8363.1,-654.8,11.56,28.6,41.86,16.15437255859375,18.32378662109375,0.6541564464569092
-8363.1,-654.8,9.06,49.14,93.86,15.134674072265627,17.4634912109375,0.9385349154472351
-8363.1,-654.8,9.06,57.46,115.7,13.349738769531251,16.295391845703126,0.9006727933883667
-8363.1,-654.8,9.06,45.760000000000005,74.88,12.805535888671876,18.20399658203125,0.898525595664978
-8363.1,-654.8,9.06,73.06,67.86,12.754658203125,15.37617919921875,0.8962989449501038
-8363.1,-654.8,9.06,10.4,109.46000000000001,16.03268798828125,15.472274169921876,0.8756425976753235
-8363.1,-654.8,9.06,28.6,41.86,15.765186767578127,19.04292724609375,0.8596519827842712
-8363.1,-654.8,9.06,1.04,86.06,15.737470703125,8.093684692382814,0.8584805130958557
-8363.1,-654.8,9.06,62.92,66.56,12.775498046875,12.9054052734375,0.8378893733024597
-8363.1,-654.8,9.06,89.44,58.24,16.398897705078124,16.00330810546875,0.6796030402183533
-8363.1,-654.8,9.06,74.10000000000001,22.880000000000003,19.159620361328127,17.453785400390625,0.6534489393234253
-8363.1,-654.8,9.06,94.12,110.24000000000001,23.29613525390625,22.0744970703125,0.6126944422721863
-8363.1,-654.8,9.06,39.26,117.0,15.722086181640627,16.029036865234378,0.5878773331642151
-8363.1,-654.8,9.06,23.400000000000002,129.48000000000002,2.706903991699219,19.11697509765625,0.5414755344390869
-8363.1,-654.8,8.56,48.88,93.60000000000001,15.166336669921876,17.673017578125002,0.9408451318740845
-8363.1,-654.8,8.56,88.92,56.940000000000005,18.43094970703125,16.495825195312502,0.9237767457962036
-8363.1,-654.8,8.56,95.16,112.06,18.910731201171874,20.93130126953125,0.9210267066955566
-8363.1,-654.8,8.56,10.4,109.2,16.20677978515625,15.1617333984375,0.9111610651016235
-8363.1,-654.8,8.56,45.760000000000005,74.62,13.03760009765625,18.018359375000003,0.9083427786827087
-8363.1,-654.8,8.56,57.46,115.18,14.1381005859375,15.943084716796875,0.9057857990264893
-8363.1,-654.8,8.56,1.04,59.28,18.15986328125,19.752493896484374,0.9023536443710327
-8363.1,-654.8,8.56,72.54,67.60000000000001,12.8590478515625,15.71258056640625,0.8970695734024048
-8363.1,-654.8,8.56,28.6,41.6,16.162596435546874,18.62533203125,0.8880937695503235
-8363.1,-654.8,8.56,0.52,85.8,16.33511474609375,8.162213745117187,0.8694577813148499
-8363.1,-654.8,8.56,13.26,86.58,17.28927001953125,16.128271484375,0.8350380063056946
-8363.1,-654.8,8.56,39.78,116.22,16.01024658203125,15.290224609375,0.802953839302063
-8363.1,-654.8,8.56,62.660000000000004,66.04,13.353349609375,12.1205224609375,0.7838216423988342
-8363.1,-654.8,8.56,70.46000000000001,26.0,19.143995361328127,19.55834716796875,0.766012966632843
-8363.1,-654.8,8.56,23.14,129.22,3.436375732421875,18.818735351562502,0.741233766078949
-8363.1,-654.8,8.06,48.88,93.34,15.55870361328125,17.558809814453124,0.9355692863464355
-8363.1,-654.8,8.06,1.04,58.760000000000005,18.06930419921875,19.98649658203125,0.9351832866668701
-8363.1,-654.8,8.06,88.66,56.68,18.18305419921875,16.792633056640625,0.930503785610199
-8363.1,-654.8,8.06,95.94,112.06,19.101861572265623,20.307235107421874,0.9248406291007996
-8363.1,-654.8,8.06,10.14,109.2,16.143421630859375,15.282137451171875,0.9175922274589539
-8363.1,-654.8,8.06,57.46,115.18,14.107508544921874,15.969666748046874,0.9121837615966797
-8363.1,-654.8,8.06,45.24,74.10000000000001,13.8740087890625,18.58351928710938,0.9092649221420288
-8363.1,-654.8,8.06,73.84,67.60000000000001,12.875726318359375,14.36069091796875,0.9032126069068909
-8363.1,-654.8,8.06,28.34,41.34,16.791086425781252,18.417794189453122,0.8815730810165405
-8363.1,-654.8,8.06,13.0,86.84,16.830086669921872,16.177406005859375,0.8812814354896545
-8363.1,-654.8,8.06,69.68,25.740000000000002,18.663614501953127,22.23466796875,0.8414240479469299
-8363.1,-654.8,8.06,0.26,86.06,15.767254638671876,7.9879083251953125,0.8394703269004822
-8363.1,-654.8,8.06,23.14,128.96,3.8347784423828126,18.855716552734375,0.8293231725692749
-8363.1,-654.8,8.06,39.52,115.96000000000001,16.219132080078126,15.809497070312501,0.8192452788352966
-8363.1,-654.8,8.06,72.54,92.3,18.257269287109377,17.296373291015627,0.8105828166007996
-8363.1,-654.8,8.06,62.92,65.78,14.0041015625,11.13236328125,0.7659686207771301
-8363.1,-654.8,8.06,52.0,59.02,11.226634521484375,14.616075439453125,0.5788108110427856
-8363.1,-654.8,8.06,33.54,67.08,14.361151123046875,12.89124267578125,0.5413391590118408
-8363.1,-654.8,7.56,1.3,58.5,18.14487060546875,19.30528564453125,0.9368968605995178
-8363.1,-654.8,7.56,49.14,93.34,15.271402587890627,17.06904052734375,0.9353569746017456
-8363.1,-654.8,7.56,88.66,56.940000000000005,17.603927001953124,17.157191162109374,0.9315231442451477
-8363.1,-654.8,7.56,95.94,112.06,19.1030810546875,19.94469848632813,0.924755334854126
-8363.1,-654.8,7.56,10.14,108.94,16.07739990234375,15.234300537109377,0.9160239100456238
-8363.1,-654.8,7.56,57.46,115.18,13.815458984375,15.878834228515625,0.9143560528755188
-8363.1,-654.8,7.56,74.10000000000001,67.86,13.073663330078126,13.9751611328125,0.9022091627120972
-8363.1,-654.8,7.56,73.32000000000001,94.38000000000001,17.198653564453124,16.015153808593748,0.8857121467590332
-8363.1,-654.8,7.56,13.0,86.84,16.426397705078127,16.287764892578124,0.8817170262336731
-8363.1,-654.8,7.56,45.760000000000005,73.58,14.70745361328125,18.387474365234375,0.8790948390960693
-8363.1,-654.8,7.56,23.14,129.22,3.979355163574219,18.749163818359374,0.8505657911300659
-8363.1,-654.8,7.56,72.8,23.400000000000002,17.286359863281252,20.397646484375002,0.8492434024810791
-8363.1,-654.8,7.56,40.04,115.96000000000001,16.099722900390624,15.055092773437499,0.8377485275268555
-8363.1,-654.8,7.56,0.26,85.8,15.6261474609375,7.699017333984375,0.819786012172699
-8363.1,-654.8,7.56,28.6,41.08,17.64728515625,18.038486328125,0.7748859524726868
-8363.1,-654.8,7.56,62.660000000000004,66.04,13.922764892578126,11.583325195312499,0.7345795631408691
-8363.1,-654.8,7.56,51.22,58.760000000000005,11.613173828125,15.867336425781252,0.7088027000427246
-8363.1,-654.8,7.56,33.54,66.56,15.298332519531252,13.675404052734375,0.6952446103096008
-8363.1,-654.8,7.06,1.3,58.24,17.534747314453128,19.551473388671877,0.9369413256645203
-8363.1,-654.8,7.06,88.66,56.68,17.89356689453125,16.923406982421877,0.9363505244255066
-8363.1,-654.8,7.06,49.14,93.86,15.041329345703126,17.315559082031253,0.931455671787262
-8363.1,-654.8,7.06,95.94,112.06,18.759252929687502,20.136495361328127,0.9276908040046692
-8363.1,-654.8,7.06,57.46,115.18,13.553457031250002,15.77358642578125,0.9182412624359131
-8363.1,-654.8,7.06,73.58,94.12,17.406302490234378,15.752045898437501,0.9155349135398865
-8363.1,-654.8,7.06,9.88,108.94,16.219476318359376,15.41230224609375,0.9146524667739868
-8363.1,-654.8,7.06,73.58,67.60000000000001,13.36340576171875,13.960656738281251,0.8898440599441528
-8363.1,-654.8,7.06,12.74,87.10000000000001,16.3323583984375,16.865732421875002,0.8690650463104248
-8363.1,-654.8,7.06,40.300000000000004,115.96000000000001,15.938477783203126,14.847384033203125,0.863025426864624
-8363.1,-654.8,7.06,34.06,66.3,15.909732666015627,16.74994873046875,0.8424783945083618
-8363.1,-654.8,7.06,23.400000000000002,129.22,3.922594909667969,18.180880126953124,0.842163622379303
-8363.1,-654.8,7.06,46.28,73.06,15.150899658203127,18.312432861328126,0.8363884091377258
-8363.1,-654.8,7.06,73.06,23.92,17.1305810546875,19.9366845703125,0.7989209294319153
-8363.1,-654.8,7.06,51.22,59.02,12.137225341796876,16.577998046875003,0.7931909561157227
-8363.1,-654.8,7.06,0.52,84.76,18.016185302734378,7.448517456054688,0.7738221287727356
-8363.1,-654.8,7.06,29.12,41.08,16.986448974609377,16.820911865234375,0.7014787197113037
-8363.1,-654.8,7.06,63.440000000000005,67.60000000000001,10.888626708984376,11.306043701171875,0.6940041780471802
-8363.1,-654.8,6.56,1.04,57.980000000000004,17.807565917968752,19.638007812500003,0.9396862983703613
-8363.1,-654.8,6.56,88.66,56.68,17.719930419921877,16.886282958984378,0.9364488124847412
-8363.1,-654.8,6.56,48.88,93.86,15.0576123046875,17.291304931640624,0.9309316873550415
-8363.1,-654.8,6.56,95.68,111.8,18.503214111328123,20.346240234375,0.92906254529953
-8363.1,-654.8,6.56,57.72,115.44,13.33458251953125,15.7079296875,0.91972815990448
-8363.1,-654.8,6.56,9.88,108.68,16.270703125,15.521446533203127,0.9060312509536743
-8363.1,-654.8,6.56,73.32000000000001,93.34,16.76276611328125,15.836433105468751,0.9041491150856018
-8363.1,-654.8,6.56,34.06,66.04,16.199429931640626,16.799909667968752,0.8849188685417175
-8363.1,-654.8,6.56,73.58,67.86,13.245185546875,14.156783447265626,0.8697429299354553
-8363.1,-654.8,6.56,40.04,115.96000000000001,16.103966064453125,14.888198242187501,0.8650910258293152
-8363.1,-654.8,6.56,50.7,58.5,13.22029296875,17.421634521484375,0.8609951138496399
-8363.1,-654.8,6.56,23.92,128.96,4.1013726806640625,17.46270751953125,0.8456696271896362
-8363.1,-654.8,6.56,12.22,87.10000000000001,16.462193603515626,17.446773681640625,0.833268404006958
-8363.1,-654.8,6.56,0.52,84.76,17.501614990234376,7.6368115234375,0.8215118050575256
-8363.1,-654.8,6.56,46.28,73.06,14.859049072265625,19.150827636718752,0.801252543926239
-8363.1,-654.8,6.56,73.32000000000001,24.18,16.95901489257813,19.712091064453126,0.7935096621513367
-8363.1,-654.8,6.56,63.7,67.86,10.97013427734375,10.449588623046875,0.7553409337997437
-8363.1,-654.8,6.56,28.86,40.82,16.896441650390624,17.639559326171877,0.6842731833457947
-8363.1,-654.8,6.06,1.04,58.5,17.51890380859375,19.711043701171874,0.9407576322555542
-8363.1,-654.8,6.06,88.66,56.940000000000005,17.465230712890627,16.825792236328127,0.9375547766685486
-8363.1,-654.8,6.06,95.42,111.8,18.65121337890625,20.34169189453125,0.9321717619895935
-8363.1,-654.8,6.06,48.88,93.86,14.98534423828125,17.48843017578125,0.9293501377105713
-8363.1,-654.8,6.06,57.980000000000004,115.44,13.379444580078125,15.303927001953125,0.9199352264404297
-8363.1,-654.8,6.06,73.06,93.60000000000001,16.252486572265624,16.71772705078125,0.9162132143974304
-8363.1,-654.8,6.06,9.88,108.68,16.43367431640625,15.61636962890625,0.9062737822532654
-8363.1,-654.8,6.06,33.800000000000004,66.04,16.29209228515625,17.19940673828125,0.9049839973449707
-8363.1,-654.8,6.06,50.18,57.980000000000004,14.0315966796875,18.36658447265625,0.8893569707870483
-8363.1,-654.8,6.06,40.300000000000004,115.96000000000001,16.03313232421875,14.925880126953125,0.8802366852760315
-8363.1,-654.8,6.06,11.700000000000001,86.58,16.94974609375,16.37579345703125,0.8668966889381409
-8363.1,-654.8,6.06,73.58,68.12,14.167379150390625,14.93088134765625,0.8548864126205444
-8363.1,-654.8,6.06,23.92,128.96,4.179224853515626,17.412525634765625,0.8297367095947266
-8363.1,-654.8,6.06,0.52,85.02,17.878751220703123,7.5591235351562505,0.8240326046943665
-8363.1,-654.8,6.06,46.28,72.8,14.94843505859375,19.915281982421874,0.7309814095497131
-8363.1,-654.8,6.06,63.7,68.12,10.66408203125,9.8122509765625,0.7148427963256836
-8363.1,-654.8,6.06,73.06,24.18,16.906605224609375,20.46938232421875,0.7030776739120483
-8363.1,-654.8,5.56,88.66,56.940000000000005,17.65497192382813,16.59477783203125,0.939884603023529
-8363.1,-654.8,5.56,1.04,58.760000000000005,17.225765380859375,19.95739379882813,0.9381328821182251
-8363.1,-654.8,5.56,95.68,111.54,19.150399169921876,20.064461669921876,0.9306129217147827
-8363.1,-654.8,5.56,73.06,93.60000000000001,16.507073974609376,16.535137939453126,0.9228473901748657
-8363.1,-654.8,5.56,48.620000000000005,93.34,15.703289794921876,17.542513427734374,0.918813169002533
-8363.1,-654.8,5.56,58.24,115.44,13.603859863281249,15.374832763671876,0.9176639914512634
-8363.1,-654.8,5.56,33.54,66.56,15.84349853515625,17.526396484375002,0.9152193069458008
-8363.1,-654.8,5.56,9.88,108.68,16.477454833984375,15.59987060546875,0.9018227458000183
-8363.1,-654.8,5.56,49.92,57.980000000000004,14.36099853515625,18.589456787109377,0.8915174007415771
-8363.1,-654.8,5.56,40.300000000000004,115.96000000000001,15.970493164062502,14.79143798828125,0.8853661417961121
-8363.1,-654.8,5.56,12.22,87.10000000000001,16.00075927734375,17.17496826171875,0.8765941262245178
-8363.1,-654.8,5.56,23.400000000000002,128.70000000000002,4.20783447265625,17.987166748046874,0.8279415965080261
-8363.1,-654.8,5.56,46.800000000000004,73.06,14.480013427734375,19.728291015625,0.7615659832954407
-8363.1,-654.8,5.56,0.78,85.02,17.768505859375,7.424739990234375,0.7483723163604736
-8363.1,-654.8,5.56,73.06,68.64,14.48407958984375,15.515985107421876,0.7324907779693604
-8363.1,-654.8,5.56,73.32000000000001,24.44,16.09822998046875,19.838050537109375,0.6675989627838135
-8363.1,-654.8,5.06,0.78,59.28,17.14694946289063,20.3646044921875,0.9374800324440002
-8363.1,-654.8,5.06,95.42,111.8,19.12529541015625,20.50761474609375,0.9311866760253906
-8363.1,-654.8,5.06,88.92,56.68,18.314117431640625,16.431341552734377,0.9302602410316467
-8363.1,-654.8,5.06,73.32000000000001,93.08,17.54758056640625,16.2983935546875,0.9268441796302795
-8363.1,-654.8,5.06,33.54,67.08,14.902548828125001,17.5172265625,0.9252161979675293
-8363.1,-654.8,5.06,58.5,114.92,14.2518505859375,15.401971435546876,0.903608500957489
-8363.1,-654.8,5.06,9.620000000000001,108.94,16.50688232421875,15.669801025390626,0.8941967487335205
-8363.1,-654.8,5.06,50.440000000000005,57.46,14.408944091796876,17.9367529296875,0.8824182748794556
-8363.1,-654.8,5.06,40.56,115.96000000000001,16.238737792968752,14.8801953125,0.8609975576400757
-8363.1,-654.8,5.06,12.48,86.84,15.719766845703125,17.0398828125,0.8568520545959473
-8363.1,-654.8,5.06,22.36,129.22,3.888146362304688,20.388516845703126,0.8358758091926575
-8363.1,-654.8,5.06,47.84,92.04,17.304964599609377,17.9448583984375,0.7966878414154053
-8363.1,-654.8,5.06,1.3,87.88000000000001,13.1292041015625,6.560642700195313,0.5903437733650208
-8363.1,-654.8,4.56,94.9,111.54,19.553520507812504,20.95923828125,0.9310161471366882
-8363.1,-654.8,4.56,72.54,93.34,17.124276123046876,17.80899169921875,0.9134535193443298
-8363.1,-654.8,4.56,34.32,67.86,14.806987304687501,16.010721435546877,0.8396620750427246
-8363.1,-654.8,4.56,9.36,108.94,16.6740966796875,16.88009765625,0.8313855528831482
-8363.1,-654.8,4.56,21.580000000000002,129.48000000000002,3.6906033325195313,22.024536132812504,0.8308743238449097
-8363.1,-654.8,4.56,1.04,60.06,17.59268188476563,21.18977294921875,0.7787291407585144
-8363.1,-654.8,4.56,39.52,115.96000000000001,16.495167236328125,16.5964892578125,0.7448635101318359
-8363.1,-654.8,4.56,50.440000000000005,58.24,14.300272216796875,17.807052001953124,0.6565200686454773
-8363.1,-654.8,4.56,2.08,87.10000000000001,14.811202392578126,5.612991943359375,0.5502272844314575
-8363.1,-654.8,4.06,94.12,110.76,21.25559814453125,21.890676269531248,0.8284797072410583
-8363.1,-654.8,4.06,21.580000000000002,129.22,3.4000909423828127,21.684450683593752,0.773395299911499
-8363.1,-654.8,4.06,8.58,108.42,18.32201171875,18.761234130859375,0.6113522052764893
-8363.1,-654.8,4.06,120.9,131.82,1.306473846435547,12.3530029296875,0.5430638194084167
-8363.1,-654.8,3.56,22.1,129.74,2.4414312744140627,20.5996337890625,0.5707266926765442
-8363.1,-654.8,3.56,120.12,131.82,1.400250244140625,13.392246093750002,0.5370274186134338
-8363.1,-654.8,3.06,119.60000000000001,131.82,1.3429554748535155,13.511519775390624,0.5115019083023071
-8363.1,-654.8,2.56,118.56,131.82,1.3202668762207033,14.904807128906251,0.5387240052223206
-8163.1,-654.8,9.56,27.560000000000002,93.08,15.73408203125,13.772149658203126,0.8685821294784546
-8163.1,-654.8,9.56,37.18,74.10000000000001,13.7794677734375,12.65659423828125,0.8355122208595276
-8163.1,-654.8,9.56,48.620000000000005,75.4,14.64299560546875,11.404979248046876,0.8140714168548584
-8163.1,-654.8,9.06,27.3,92.82000000000001,15.722752685546876,14.1342431640625,0.9182242751121521
-8163.1,-654.8,9.06,48.88,74.62,15.462722167968751,11.483905029296874,0.8621663451194763
-8163.1,-654.8,9.06,36.92,73.58,13.792745361328127,13.39941650390625,0.861168622970581
-8163.1,-654.8,8.56,27.560000000000002,92.04,16.617502441406252,13.78924560546875,0.9262077212333679
-8163.1,-654.8,8.56,49.14,73.84,14.92556396484375,12.613476562499999,0.8642898201942444
-8163.1,-654.8,8.56,35.88,72.8,14.7739208984375,15.064389648437501,0.8603200316429138
-8163.1,-654.8,8.56,41.08,61.88,13.494399414062501,14.8305615234375,0.833834171295166
-8163.1,-654.8,8.06,27.560000000000002,92.04,16.34183837890625,13.517564697265627,0.9300188422203064
-8163.1,-654.8,8.06,40.56,62.14,13.40379150390625,16.43367919921875,0.889708936214447
-8163.1,-654.8,8.06,49.660000000000004,73.58,15.040662841796875,13.1086962890625,0.8823056221008301
-8163.1,-654.8,8.06,35.620000000000005,72.02,15.32155517578125,16.223892822265626,0.8578799962997437
-8163.1,-654.8,7.56,27.3,92.04,16.389085693359377,13.6881396484375,0.928192138671875
-8163.1,-654.8,7.56,40.300000000000004,62.14,13.482625732421875,17.0777783203125,0.8984882831573486
-8163.1,-654.8,7.56,49.660000000000004,73.06,15.53985595703125,13.182703857421876,0.8830844163894653
-8163.1,-654.8,7.56,35.36,71.5,16.10556640625,16.840938720703125,0.8644249439239502
-8163.1,-654.8,7.06,27.3,92.04,16.34857666015625,13.746217041015626,0.9282326102256775
-8163.1,-654.8,7.06,40.300000000000004,62.400000000000006,13.313797607421876,17.099726562500003,0.9039385914802551
-8163.1,-654.8,7.06,35.36,71.76,15.939645996093752,16.968675537109377,0.8757203817367554
-8163.1,-654.8,7.06,50.18,73.06,15.491392822265626,12.894410400390624,0.8652368783950806
-8163.1,-654.8,6.56,27.3,92.04,16.527840576171876,13.92363037109375,0.9305541515350342
-8163.1,-654.8,6.56,40.300000000000004,62.400000000000006,13.37728271484375,16.964208984375,0.9039192795753479
-8163.1,-654.8,6.56,35.36,71.5,15.945362548828125,17.005458984375,0.8728915452957153
-8163.1,-654.8,6.56,50.440000000000005,72.8,15.58058349609375,12.584920654296875,0.8493690490722656
-8163.1,-654.8,6.06,27.3,92.04,16.7680126953125,13.8423095703125,0.9294465184211731
-8163.1,-654.8,6.06,40.300000000000004,62.400000000000006,13.215037841796875,17.181912841796876,0.9074738025665283
-8163.1,-654.8,6.06,35.620000000000005,73.84,16.9210400390625,13.5906201171875,0.8884678483009338
-8163.1,-654.8,6.06,50.7,72.8,15.186077880859376,12.478179931640627,0.8563398718833923
-8163.1,-654.8,5.56,27.04,92.04,17.024027099609377,14.134527587890625,0.9232869744300842
-8163.1,-654.8,5.56,35.620000000000005,74.36,16.14933349609375,13.668797607421876,0.9077519774436951
-8163.1,-654.8,5.56,40.300000000000004,62.400000000000006,13.085672607421875,17.343754882812497,0.9031978249549866
-8163.1,-654.8,5.56,51.480000000000004,72.8,14.540653076171875,12.163017578125,0.8423060178756714
-8163.1,-654.8,5.06,36.14,74.62,15.585438232421875,13.564128417968751,0.9080307483673096
-8163.1,-654.8,5.06,40.56,62.400000000000006,13.275675048828125,17.07626220703125,0.8957701325416565
-8163.1,-654.8,5.06,27.3,92.04,17.585664062499998,13.284658203125,0.8788614869117737
-8163.1,-654.8,5.06,51.480000000000004,73.06,14.164783935546877,12.324603271484376,0.8328238129615784
-8163.1,-654.8,4.56,40.300000000000004,62.14,13.341505126953125,17.50360107421875,0.79713374376297
-8163.1,-654.8,4.56,36.92,75.14,14.942863769531252,13.218529052734375,0.7951146960258484
-8163.1,-654.8,4.56,51.22,72.54,15.71140869140625,12.299437255859376,0.7217224836349487
-7563.1,-654.8,9.56,36.92,90.48,20.3365966796875,17.1536328125,0.9102782011032104
-7563.1,-654.8,9.56,117.26,70.2,21.0945263671875,16.151212158203126,0.8981500267982483
-7563.1,-654.8,9.56,1.82,70.2,14.702408447265626,13.839842529296876,0.7324939966201782
-7563.1,-654.8,10.06,117.78,69.94,21.16469482421875,15.56163818359375,0.5870401859283447
-7563.1,-654.8,9.06,36.4,90.22,20.175457763671876,18.00854248046875,0.9346838593482971
-7563.1,-654.8,9.06,117.52000000000001,69.94,21.84844482421875,15.451949462890626,0.91648930311203
-7563.1,-654.8,9.06,87.10000000000001,7.0200000000000005,24.8100634765625,20.002512207031252,0.916043221950531
-7563.1,-654.8,9.06,11.96,25.220000000000002,19.692232666015627,17.94954711914063,0.8930613398551941
-7563.1,-654.8,9.06,1.56,69.68,14.882558593750002,14.435755615234374,0.8860936760902405
-7563.1,-654.8,9.06,22.1,119.08,14.188563232421876,28.46982177734375,0.8510797619819641
-7563.1,-654.8,8.56,36.4,90.22,20.072108154296878,18.160924072265626,0.9334377646446228
-7563.1,-654.8,8.56,11.96,24.96,20.128088378906252,17.852279052734374,0.9279942512512207
-7563.1,-654.8,8.56,87.10000000000001,6.76,24.98274658203125,19.81533935546875,0.9276677370071411
-7563.1,-654.8,8.56,117.78,70.2,21.641123046875,15.422537841796876,0.9246640801429749
-7563.1,-654.8,8.56,1.56,69.42,15.150067138671876,14.202158203125,0.9088277220726013
-7563.1,-654.8,8.56,22.36,50.96,19.921595458984374,19.27284301757813,0.9073168635368347
-7563.1,-654.8,8.56,21.32,119.34,13.8530126953125,28.8438037109375,0.8975048661231995
-7563.1,-654.8,8.06,36.92,89.96000000000001,20.013760986328126,17.9315380859375,0.9348199963569641
-7563.1,-654.8,8.06,22.1,50.7,20.392216796874997,19.29744384765625,0.9326922297477722
-7563.1,-654.8,8.06,11.96,25.220000000000002,20.13134521484375,18.118264160156247,0.9320480823516846
-7563.1,-654.8,8.06,87.36,7.28,24.4802099609375,19.647993164062502,0.9308421611785889
-7563.1,-654.8,8.06,117.52000000000001,69.94,22.033850097656252,15.55684326171875,0.925361156463623
-7563.1,-654.8,8.06,1.3,69.16,15.0790771484375,14.402191162109375,0.9125756621360779
-7563.1,-654.8,8.06,20.8,119.08,13.444195556640626,28.3430419921875,0.9110752940177917
-7563.1,-654.8,7.56,11.700000000000001,25.220000000000002,19.68534912109375,18.49646728515625,0.9355118274688721
-7563.1,-654.8,7.56,36.660000000000004,89.96000000000001,19.6680615234375,18.145533447265628,0.9344921708106995
-7563.1,-654.8,7.56,87.36,7.0200000000000005,24.8755712890625,19.714765625000002,0.9333941340446472
-7563.1,-654.8,7.56,22.1,50.7,20.5804833984375,19.304377441406253,0.9322465658187866
-7563.1,-654.8,7.56,117.78,70.2,21.64135498046875,15.54151611328125,0.9261572360992432
-7563.1,-654.8,7.56,21.060000000000002,119.34,13.362882080078126,27.39483642578125,0.9118371605873108
-7563.1,-654.8,7.56,1.3,69.42,15.16593994140625,14.255103759765625,0.9108167886734009
-7563.1,-654.8,7.06,36.4,89.96000000000001,19.532423095703123,18.158779296875,0.9371634125709534
-7563.1,-654.8,7.06,87.36,6.76,24.58912353515625,19.835104980468753,0.9362122416496277
-7563.1,-654.8,7.06,11.440000000000001,25.220000000000002,19.388775634765626,19.145635986328127,0.9354224801063538
-7563.1,-654.8,7.06,22.36,50.7,20.153001708984373,19.0234375,0.9300546050071716
-7563.1,-654.8,7.06,117.78,70.46000000000001,21.232546386718752,15.678154296875002,0.9202606081962585
-7563.1,-654.8,7.06,1.04,69.42,15.334488525390624,14.706070556640624,0.9145175814628601
-7563.1,-654.8,7.06,22.1,119.34,13.128872070312502,26.16498291015625,0.9076873064041138
-7563.1,-654.8,6.56,36.660000000000004,89.96000000000001,19.87507690429688,17.853310546875,0.9389397501945496
-7563.1,-654.8,6.56,87.36,6.76,24.5292431640625,19.747492675781253,0.938405454158783
-7563.1,-654.8,6.56,11.440000000000001,25.48,19.047620849609373,19.209071044921874,0.9339922070503235
-7563.1,-654.8,6.56,22.62,50.7,20.029825439453123,19.1260986328125,0.9290742874145508
-7563.1,-654.8,6.56,0.78,69.16,15.831378173828126,14.82523193359375,0.9213773012161255
-7563.1,-654.8,6.56,117.52000000000001,70.2,21.517136230468754,15.905019531250002,0.912696361541748
-7563.1,-654.8,6.56,22.1,119.60000000000001,13.102291259765627,26.13539794921875,0.9048616886138916
-7563.1,-654.8,6.06,36.660000000000004,90.22,20.1389111328125,17.773070068359377,0.9375169277191162
-7563.1,-654.8,6.06,87.36,6.76,24.878623046875,19.41309326171875,0.936241865158081
-7563.1,-654.8,6.06,11.440000000000001,25.48,19.041536865234377,19.17791381835938,0.9324840903282166
-7563.1,-654.8,6.06,22.36,50.7,20.10551513671875,19.376738281250002,0.931141197681427
-7563.1,-654.8,6.06,1.04,69.16,16.297188720703126,14.73983642578125,0.9155226349830627
-7563.1,-654.8,6.06,117.78,70.46000000000001,21.481970214843752,15.755797119140626,0.9128817319869995
-7563.1,-654.8,6.06,21.84,119.60000000000001,12.8679052734375,27.138720703125,0.9072924256324768
-7563.1,-654.8,5.56,87.36,6.76,25.251416015625,19.320177001953123,0.9355732798576355
-7563.1,-654.8,5.56,36.14,90.48,20.252724609375,18.390300292968753,0.9328358173370361
-7563.1,-654.8,5.56,22.1,50.440000000000005,20.889780273437502,19.59714111328125,0.9325594305992126
-7563.1,-654.8,5.56,11.18,25.48,19.967687988281252,19.579621582031248,0.9292072653770447
-7563.1,-654.8,5.56,118.04,70.46000000000001,21.104892578125,15.149064941406252,0.9143571853637695
-7563.1,-654.8,5.56,21.060000000000002,119.34,13.15661865234375,28.068686523437503,0.9078551530838013
-7563.1,-654.8,5.56,1.3,68.9,16.67837890625,14.81627685546875,0.886829137802124
-7563.1,-654.8,5.06,86.84,6.24,25.581376953125,20.120842285156254,0.9292977452278137
-7563.1,-654.8,5.06,21.84,50.440000000000005,21.18251708984375,19.827119140625,0.9272775650024414
-7563.1,-654.8,5.06,20.28,119.34,13.143786621093751,29.591435546875,0.9090927839279175
-7563.1,-654.8,5.06,117.52000000000001,70.46000000000001,21.16991943359375,15.47130859375,0.9065289497375488
-7563.1,-654.8,5.06,11.18,25.740000000000002,20.0008740234375,19.730911865234376,0.9002990126609802
-7563.1,-654.8,5.06,35.620000000000005,89.96000000000001,22.16861083984375,19.888472900390624,0.8469207882881165
-7563.1,-654.8,5.06,1.56,69.16,17.400419921875,13.231724853515626,0.6090385913848877
-7563.1,-654.8,4.56,86.32000000000001,5.720000000000001,26.51892333984375,21.135393066406248,0.924763560295105
-7563.1,-654.8,4.56,21.060000000000002,119.08,14.013571777343751,30.544702148437498,0.8938156962394714
-7563.1,-654.8,4.56,117.52000000000001,70.72,20.5470458984375,15.53237548828125,0.7613353133201599
-7563.1,-654.8,4.56,23.14,52.52,20.264155273437503,17.229582519531252,0.6245088577270508
-7563.1,-654.8,4.56,11.96,24.96,23.15166748046875,18.49580078125,0.5109999775886536
-7563.1,-654.8,4.06,20.54,119.08,13.811904296875,32.084011230468754,0.8570314049720764
-7563.1,-654.8,4.06,87.10000000000001,5.98,26.74783447265625,20.1771240234375,0.7858031392097473
-7363.1,-654.8,9.56,122.46000000000001,17.94,20.28660888671875,10.444299316406251,0.8833646178245544
-7363.1,-654.8,10.06,122.46000000000001,17.68,21.421491699218752,10.63899658203125,0.8593950271606445
-7363.1,-654.8,10.56,122.72,16.12,24.1615869140625,10.6251953125,0.6364409327507019
-7363.1,-654.8,9.06,60.84,6.24,18.04434936523438,18.498472900390624,0.930467963218689
-7363.1,-654.8,9.06,122.72,18.46,19.984986572265626,10.368233642578126,0.8903254270553589
-7363.1,-654.8,8.56,60.84,6.24,17.843656005859376,18.242215576171876,0.9354925751686096
-7363.1,-654.8,8.56,122.98,18.72,19.525584716796875,10.521235351562499,0.8980738520622253
-7363.1,-654.8,8.06,60.84,6.5,17.675419921874997,18.042435302734376,0.9368802309036255
-7363.1,-654.8,8.06,122.72,18.72,19.535368652343752,10.505933837890625,0.898739218711853
-7363.1,-654.8,7.56,60.580000000000005,6.5,17.57531494140625,18.02709228515625,0.936151385307312
-7363.1,-654.8,7.56,122.46000000000001,18.72,19.549749755859377,10.62964599609375,0.8980025053024292
-7363.1,-654.8,7.06,60.580000000000005,6.5,16.980888671875,18.019567871093752,0.9366732835769653
-7363.1,-654.8,7.06,122.46000000000001,18.72,19.150928955078125,10.70666748046875,0.9020886421203613
-7363.1,-654.8,6.56,60.84,6.24,17.439658203125,17.735545654296875,0.9353963136672974
-7363.1,-654.8,6.56,122.72,18.72,19.35983642578125,10.48297119140625,0.8964718580245972
-7363.1,-654.8,6.06,60.84,6.24,17.87835205078125,17.8286865234375,0.937186598777771
-7363.1,-654.8,6.06,122.72,18.98,19.83719482421875,10.312413330078124,0.895487368106842
-7363.1,-654.8,5.56,60.580000000000005,5.98,18.322335205078126,18.42284790039063,0.9344168901443481
-7363.1,-654.8,5.56,122.46000000000001,17.94,20.797041015625002,10.5278173828125,0.8873764872550964
-7363.1,-654.8,5.06,60.580000000000005,5.46,18.863200683593753,19.33203491210938,0.9270405173301697
-7363.1,-654.8,5.06,122.46000000000001,17.68,21.31716552734375,10.418714599609377,0.8696238398551941
-7363.1,-654.8,4.56,122.46000000000001,16.900000000000002,22.499399414062502,10.38412841796875,0.8217613697052002
-7363.1,-654.8,4.56,60.580000000000005,4.94,20.896843261718754,18.778277587890624,0.6413115859031677
-7363.1,-654.8,4.06,121.94,16.12,24.1572802734375,10.8674072265625,0.7650532126426697
-8363.1,-454.8,9.56,85.54,91.0,19.252891845703125,20.8382421875,0.9090163111686707
-8363.1,-454.8,9.56,119.34,81.12,11.949278564453126,11.741971435546875,0.8800334334373474
-8363.1,-454.8,9.56,63.440000000000005,-0.26,11.94413818359375,23.447897949218753,0.6442318558692932
-8363.1,-454.8,9.56,111.54,1.82,24.197600097656252,20.03924560546875,0.6353935599327087
-8363.1,-454.8,10.06,119.86,80.86,12.412663574218751,11.421054687500002,0.8512235283851624
-8363.1,-454.8,10.56,120.38000000000001,81.12,12.674868164062499,10.471076660156251,0.8016589283943176
-8363.1,-454.8,10.56,117.0,64.48,12.922197265625,10.750111083984375,0.6566218137741089
-8363.1,-454.8,9.06,85.8,90.74000000000001,19.256422119140627,20.636572265625002,0.9377396106719971
-8363.1,-454.8,9.06,111.54,3.38,20.855292968750003,20.02314453125,0.9029724597930908
-8363.1,-454.8,9.06,119.08,81.12,11.783793945312501,12.098927001953125,0.891170084476471
-8363.1,-454.8,9.06,63.18,0.0,11.78431640625,23.150869140624998,0.8440743088722229
-8363.1,-454.8,9.06,116.48,65.0,11.619656982421876,11.458299560546877,0.5089067816734314
-8363.1,-454.8,8.56,85.8,90.48,19.66335693359375,20.86841796875,0.9408472180366516
-8363.1,-454.8,8.56,111.28,3.64,20.4453369140625,20.016260986328124,0.9230474233627319
-8363.1,-454.8,8.56,119.08,81.12,11.6569287109375,12.20039306640625,0.8911628127098083
-8363.1,-454.8,8.56,63.96,0.26,11.104576416015625,21.8884521484375,0.8697761297225952
-8363.1,-454.8,8.56,116.22,64.48,12.150891113281249,11.831739501953125,0.6194993257522583
-8363.1,-454.8,8.06,85.28,90.22,19.655507812499998,21.3337451171875,0.9406352639198303
-8363.1,-454.8,8.06,111.28,3.64,20.775498046875,19.51081298828125,0.9311219453811646
-8363.1,-454.8,8.06,119.08,80.60000000000001,11.9583349609375,12.232896728515625,0.8969089388847351
-8363.1,-454.8,8.06,64.48,0.52,10.688348388671875,21.58567626953125,0.8799651265144348
-8363.1,-454.8,8.06,116.22,65.26,11.27300537109375,10.61972412109375,0.5739659070968628
-8363.1,-454.8,7.56,85.28,90.22,19.05965087890625,21.55761962890625,0.9404895305633545
-8363.1,-454.8,7.56,111.54,4.16,20.30159423828125,19.2361181640625,0.9350050091743469
-8363.1,-454.8,7.56,64.48,0.52,10.555129394531251,21.35153564453125,0.8889726400375366
-8363.1,-454.8,7.56,119.60000000000001,80.08,12.598840332031251,11.84066650390625,0.8782325983047485
-8363.1,-454.8,7.06,85.02,89.96000000000001,19.04366455078125,21.665029296874998,0.9401988387107849
-8363.1,-454.8,7.06,111.28,3.9000000000000004,19.995006103515625,19.350382080078127,0.9358474612236023
-8363.1,-454.8,7.06,64.48,0.78,10.5594384765625,21.143994140625,0.8902285099029541
-8363.1,-454.8,7.06,119.60000000000001,79.82000000000001,13.401038818359375,11.603555908203125,0.8462655544281006
-8363.1,-454.8,6.56,85.02,89.96000000000001,19.086646728515625,21.574995117187502,0.9396219849586487
-8363.1,-454.8,6.56,111.28,3.9000000000000004,19.601517333984376,19.115885009765627,0.9373584389686584
-8363.1,-454.8,6.56,64.22,0.78,10.298529052734375,21.25943359375,0.8887082934379578
-8363.1,-454.8,6.56,119.34,80.34,13.400621337890627,11.832965087890624,0.830210268497467
-8363.1,-454.8,6.06,85.02,89.7,19.953153076171876,21.67657958984375,0.9402329325675964
-8363.1,-454.8,6.06,111.28,3.9000000000000004,20.153507080078125,19.409688720703127,0.9364334940910339
-8363.1,-454.8,6.06,64.48,0.78,9.948981933593751,21.156208496093754,0.8799696564674377
-8363.1,-454.8,6.06,118.56,80.34,14.540394287109375,12.311851806640625,0.7900267243385315
-8363.1,-454.8,5.56,84.76,89.7,19.76250122070313,22.20216064453125,0.939264714717865
-8363.1,-454.8,5.56,111.28,3.9000000000000004,20.46056884765625,19.604313964843747,0.9319905042648315
-8363.1,-454.8,5.56,65.26,0.78,10.518389892578126,20.023887939453125,0.8890225887298584
-8363.1,-454.8,5.06,85.02,89.96000000000001,19.595201416015623,22.401904296875003,0.9294458031654358
-8363.1,-454.8,5.06,110.76,3.38,21.03830322265625,20.683217773437498,0.9294162392616272
-8363.1,-454.8,5.06,65.0,0.52,10.982277832031249,20.405655517578126,0.8946070671081543
-8363.1,-454.8,4.56,110.76,2.8600000000000003,22.0814013671875,21.049257812500002,0.9073783755302429
-8363.1,-454.8,4.56,65.26,0.26,11.282750244140624,20.686667480468753,0.8870235085487366
-8363.1,-454.8,4.56,84.24000000000001,90.74000000000001,20.220081787109375,22.77167236328125,0.7116315960884094
-8363.1,-454.8,4.06,64.74000000000001,0.26,12.197404785156252,21.21364501953125,0.8599030375480652
-8363.1,-454.8,3.56,64.22,0.0,13.4208837890625,22.8197119140625,0.7793105840682983
-8363.1,-454.8,3.06,63.7,-0.78,14.522313232421876,24.26527587890625,0.6357906460762024
-8163.1,-454.8,9.56,74.62,67.60000000000001,16.459263916015626,15.7099462890625,0.9380313754081726
-8163.1,-454.8,9.56,122.72,110.24000000000001,20.652280273437498,10.463760986328126,0.864685595035553
-8163.1,-454.8,9.56,70.2,76.7,14.460523681640625,16.51025146484375,0.7569425106048584
-8163.1,-454.8,10.06,74.62,67.34,16.743504638671872,15.601872558593751,0.9364757537841797
-8163.1,-454.8,10.06,123.24000000000001,110.24000000000001,20.384075927734376,10.204919433593751,0.7779459357261658
-8163.1,-454.8,10.06,69.94,76.44,14.767338867187501,16.724042968750002,0.6896098852157593
-8163.1,-454.8,10.56,74.36,67.08,16.9730224609375,15.8123583984375,0.9358470439910889
-8163.1,-454.8,10.56,69.94,76.7,14.637918701171875,17.011667480468752,0.7114596366882324
-8163.1,-454.8,11.06,74.62,67.08,16.767744140625002,15.72180908203125,0.9284896850585938
-8163.1,-454.8,11.06,70.2,77.22,14.320845947265626,16.4986572265625,0.814763605594635
-8163.1,-454.8,11.56,74.88,67.08,16.8703955078125,15.49736572265625,0.9210264682769775
-8163.1,-454.8,11.56,70.2,76.44,14.7649951171875,16.73790283203125,0.7031659483909607
-8163.1,-454.8,12.06,74.36,67.60000000000001,17.43859619140625,16.301561279296877,0.7784748077392578
-8163.1,-454.8,9.06,74.62,67.60000000000001,15.997120361328125,15.52052001953125,0.9343236088752747
-8163.1,-454.8,9.06,122.72,110.24000000000001,21.089357910156252,10.400510253906251,0.8916263580322266
-8163.1,-454.8,9.06,70.2,77.74000000000001,13.773900146484376,16.0563671875,0.804114818572998
-8163.1,-454.8,8.56,74.88,67.08,16.321263427734376,15.482156982421875,0.9282962083816528
-8163.1,-454.8,8.56,122.72,109.98,21.16481201171875,10.470284423828126,0.9025747179985046
-8163.1,-454.8,8.56,70.46000000000001,78.0,13.49552978515625,15.732253417968751,0.8279891610145569
-8163.1,-454.8,8.06,75.14,67.08,16.55701904296875,15.429492187500001,0.9141148328781128
-8163.1,-454.8,8.06,122.72,109.72,21.00486572265625,10.59313720703125,0.9061990976333618
-8163.1,-454.8,8.06,70.2,78.78,12.946513671875001,16.2952978515625,0.8630743622779846
-8163.1,-454.8,7.56,122.72,109.72,20.7324560546875,10.750543212890625,0.9071218967437744
-8163.1,-454.8,7.56,69.94,79.04,13.08087158203125,16.55764404296875,0.8711073398590088
-8163.1,-454.8,7.56,76.18,68.38,15.95068359375,14.07296630859375,0.5864861011505127
-8163.1,-454.8,7.06,122.72,109.46000000000001,20.912485351562502,10.957349853515625,0.906852126121521
-8163.1,-454.8,7.06,70.2,79.56,13.2758349609375,16.692513427734376,0.8439827561378479
-8163.1,-454.8,6.56,122.46000000000001,109.46000000000001,20.908808593750003,10.90946044921875,0.9102371335029602
-8163.1,-454.8,6.56,70.46000000000001,79.82000000000001,12.719227294921875,16.9753369140625,0.5570141673088074
-8163.1,-454.8,6.06,122.72,109.72,20.712038574218752,10.44050537109375,0.9101845026016235
-8163.1,-454.8,5.56,122.72,109.98,21.483330078125,10.225390625000001,0.9050343036651611
-8163.1,-454.8,5.06,122.46000000000001,110.24000000000001,21.184228515625,10.310718994140625,0.8839319348335266
-8163.1,-454.8,4.56,122.72,110.24000000000001,21.2039501953125,10.514332275390624,0.7692365050315857
-8163.1,-454.8,4.06,122.2,109.72,22.209616699218753,10.909576416015625,0.5012507438659668
-7763.1,-454.8,9.56,102.44,52.78,14.52560302734375,15.51920166015625,0.9320763349533081
-7763.1,-454.8,9.56,82.68,0.26,11.683734130859376,21.0210205078125,0.9158561825752258
-7763.1,-454.8,9.56,99.32000000000001,20.54,14.854578857421876,14.849007568359376,0.9058171510696411
-7763.1,-454.8,9.56,79.04,35.88,19.01294677734375,16.342977294921877,0.8914322853088379
-7763.1,-454.8,9.56,118.04,35.36,13.271049804687502,13.526431884765627,0.8659641146659851
-7763.1,-454.8,9.56,127.92,12.74,17.430596923828126,5.754814453124999,0.7881808280944824
-7763.1,-454.8,10.06,82.42,0.52,11.720140380859377,21.16326171875,0.9055055379867554
-7763.1,-454.8,10.06,103.22,52.260000000000005,15.237966308593752,15.2565380859375,0.8675068020820618
-7763.1,-454.8,10.06,118.3,35.36,14.248038330078126,13.61287353515625,0.5343602299690247
-7763.1,-454.8,10.06,100.10000000000001,21.060000000000002,14.733090820312501,13.288299560546877,0.5207815766334534
-7763.1,-454.8,10.56,81.64,0.26,12.29281494140625,23.10632080078125,0.7806110382080078
-7763.1,-454.8,9.06,102.44,53.04,14.79087646484375,15.993292236328125,0.9294097423553467
-7763.1,-454.8,9.06,79.04,36.4,17.69746337890625,15.87937255859375,0.9267035722732544
-7763.1,-454.8,9.06,99.84,20.8,13.9309814453125,14.507235107421875,0.9260061979293823
-7763.1,-454.8,9.06,82.94,0.26,11.50115234375,20.7984716796875,0.9199168086051941
-7763.1,-454.8,9.06,118.3,35.620000000000005,12.7194580078125,13.566977539062501,0.8919286727905273
-7763.1,-454.8,9.06,127.92,12.74,17.234051513671872,5.803651123046875,0.816482424736023
-7763.1,-454.8,8.56,102.18,52.78,15.397841796875001,16.013328857421875,0.9292694330215454
-7763.1,-454.8,8.56,78.78,36.660000000000004,17.379781494140627,16.236500244140625,0.9285075664520264
-7763.1,-454.8,8.56,99.58,21.060000000000002,13.678392333984377,14.396436767578125,0.9284113645553589
-7763.1,-454.8,8.56,82.68,0.52,11.372003173828126,21.05614013671875,0.9178773760795593
-7763.1,-454.8,8.56,118.04,35.88,12.448350830078125,13.915257568359376,0.9012690186500549
-7763.1,-454.8,8.56,127.66000000000001,13.26,16.1080859375,5.72880859375,0.808007001876831
-7763.1,-454.8,8.06,102.18,53.04,15.4886328125,15.930560302734376,0.9335328936576843
-7763.1,-454.8,8.06,78.52,36.92,16.842756347656252,16.564736328125,0.9330466389656067
-7763.1,-454.8,8.06,99.32000000000001,21.060000000000002,13.586895751953126,14.5917333984375,0.9293038845062256
-7763.1,-454.8,8.06,82.68,0.52,11.338427734375001,21.210261230468753,0.9157741069793701
-7763.1,-454.8,8.06,117.78,35.620000000000005,12.7601416015625,14.19117919921875,0.9058293104171753
-7763.1,-454.8,8.06,127.92,14.040000000000001,15.167586669921876,5.396668701171875,0.7451180815696716
-7763.1,-454.8,7.56,78.26,37.18,16.60813232421875,16.730181884765628,0.9345653653144836
-7763.1,-454.8,7.56,102.7,53.04,15.437575683593751,15.722575683593751,0.9343838691711426
-7763.1,-454.8,7.56,99.06,21.32,13.524039306640626,14.928316650390625,0.9276781678199768
-7763.1,-454.8,7.56,82.68,0.78,11.351071777343751,21.252927246093748,0.9162459373474121
-7763.1,-454.8,7.56,117.78,35.620000000000005,12.952149658203124,14.469016113281251,0.9084488153457642
-7763.1,-454.8,7.56,127.4,13.52,15.893349609375,5.597645263671875,0.745770275592804
-7763.1,-454.8,7.06,78.26,37.44,16.12091796875,16.899038085937498,0.9361719489097595
-7763.1,-454.8,7.06,102.96000000000001,53.300000000000004,15.129672851562502,15.27128173828125,0.9342462420463562
-7763.1,-454.8,7.06,99.32000000000001,21.32,13.671593017578125,14.7664013671875,0.9278349876403809
-7763.1,-454.8,7.06,82.42,0.78,11.306744384765626,21.20248046875,0.9180452227592468
-7763.1,-454.8,7.06,117.78,35.620000000000005,12.926278076171876,14.377335205078126,0.9038230776786804
-7763.1,-454.8,7.06,127.66000000000001,13.0,16.81989990234375,5.412960205078125,0.7622867822647095
-7763.1,-454.8,6.56,78.26,37.44,16.227979736328127,16.862269287109374,0.9357433915138245
-7763.1,-454.8,6.56,102.7,53.56,14.790114746093751,15.332501220703126,0.9342234134674072
-7763.1,-454.8,6.56,99.06,21.580000000000002,13.533665771484376,15.038433837890624,0.9256281852722168
-7763.1,-454.8,6.56,82.68,0.52,11.616522216796875,21.115737304687503,0.9223472476005554
-7763.1,-454.8,6.56,117.78,35.620000000000005,12.930369873046875,14.254818115234375,0.9008750319480896
-7763.1,-454.8,6.56,127.92,12.74,17.46260498046875,5.569102172851562,0.8189946413040161
-7763.1,-454.8,6.06,78.0,37.18,16.69820556640625,17.082806396484376,0.9373981356620789
-7763.1,-454.8,6.06,99.32000000000001,21.32,13.871126708984375,15.030985107421877,0.9308090209960938
-7763.1,-454.8,6.06,82.68,0.52,11.860545654296875,20.946103515625,0.9214009046554565
-7763.1,-454.8,6.06,102.7,53.300000000000004,15.074093017578125,14.935863037109376,0.9157177209854126
-7763.1,-454.8,6.06,118.04,35.88,12.750853271484376,13.930780029296875,0.8978950381278992
-7763.1,-454.8,6.06,127.92,12.22,18.569296875,5.6558294677734375,0.85252445936203
-7763.1,-454.8,5.56,78.26,36.660000000000004,17.525421142578125,16.57267333984375,0.927219033241272
-7763.1,-454.8,5.56,82.42,0.26,11.967325439453125,21.23169677734375,0.9245885610580444
-7763.1,-454.8,5.56,99.58,20.54,15.275294189453126,14.626385498046876,0.923923671245575
-7763.1,-454.8,5.56,118.82000000000001,35.88,12.887054443359375,13.168203125,0.8734614253044128
-7763.1,-454.8,5.56,127.66000000000001,11.96,18.611220703125,5.7087860107421875,0.8546039462089539
-7763.1,-454.8,5.06,82.42,0.26,12.744921875000001,21.548640136718753,0.9147027134895325
-7763.1,-454.8,5.06,99.58,20.28,16.466796875,14.210120849609375,0.8203784227371216
-7763.1,-454.8,5.06,127.92,12.48,18.009884033203125,5.48423095703125,0.8076908588409424
-7763.1,-454.8,5.06,78.78,37.18,17.941212158203125,16.51253662109375,0.6050451397895813
-7763.1,-454.8,4.56,83.2,0.0,13.97920654296875,20.63626953125,0.8351842164993286
-7763.1,-454.8,4.06,83.72,-0.26,15.062852783203125,20.186280517578126,0.5341472029685974
-7563.1,-454.8,9.56,18.98,32.5,14.330588378906251,15.960947265625,0.9324246644973755
-7563.1,-454.8,9.56,109.98,83.98,18.44204833984375,17.9614453125,0.9254380464553833
-7563.1,-454.8,9.56,56.42,54.08,18.762110595703128,17.01126220703125,0.9210968017578125
-7563.1,-454.8,9.56,85.8,39.26,19.938033447265628,17.21574462890625,0.9206560254096985
-7563.1,-454.8,9.56,72.28,70.98,17.684027099609377,17.000175781250004,0.914537787437439
-7563.1,-454.8,9.56,55.38,103.22,17.390676269531248,19.62750610351563,0.9059257507324219
-7563.1,-454.8,9.56,9.36,54.08,13.607633056640625,10.768331298828127,0.9001200199127197
-7563.1,-454.8,9.56,105.3,119.86,12.823182373046876,27.679853515625002,0.8907146453857422
-7563.1,-454.8,9.56,97.76,67.86,15.294365234375002,17.8396044921875,0.880373477935791
-7563.1,-454.8,9.56,36.4,14.3,19.93359619140625,18.66600341796875,0.8564391136169434
-7563.1,-454.8,9.56,0.52,33.54,19.211068115234376,8.339857177734377,0.8442896604537964
-7563.1,-454.8,9.56,27.560000000000002,56.160000000000004,18.5037548828125,15.9139697265625,0.8235084414482117
-7563.1,-454.8,9.56,-0.26,125.58,7.859278564453126,22.02059814453125,0.8014390468597412
-7563.1,-454.8,9.56,0.52,80.34,19.566971435546876,7.376795654296875,0.7962131500244141
-7563.1,-454.8,9.56,122.2,8.84,20.178599853515625,11.008314208984375,0.7665693759918213
-7563.1,-454.8,9.56,2.34,6.24,17.872000732421874,9.722304687500001,0.7189655303955078
-7563.1,-454.8,9.56,29.380000000000003,101.14,17.7024951171875,18.08467529296875,0.7047598361968994
-7563.1,-454.8,9.56,55.9,0.52,6.4167138671875,19.877037353515625,0.5062605738639832
-7563.1,-454.8,10.06,19.240000000000002,32.76,14.303946533203124,15.959656982421876,0.9297442436218262
-7563.1,-454.8,10.06,9.36,54.08,13.52294921875,10.684561767578126,0.8981195092201233
-7563.1,-454.8,10.06,104.52000000000001,120.38000000000001,12.77024658203125,27.3874560546875,0.8912537097930908
-7563.1,-454.8,10.06,0.78,79.56,20.923798828125,6.999595336914063,0.6630104184150696
-7563.1,-454.8,10.06,98.8,124.54,8.6785888671875,22.5831689453125,0.6489694714546204
-7563.1,-454.8,10.06,57.2,53.300000000000004,20.0551953125,14.963662109375,0.6405583024024963
-7563.1,-454.8,10.06,-0.52,125.32000000000001,7.849142456054688,23.51817626953125,0.57423996925354
-7563.1,-454.8,10.56,18.98,32.5,14.581346435546877,15.97526123046875,0.922950029373169
-7563.1,-454.8,10.56,9.36,54.08,13.44059814453125,10.774418945312501,0.8941736817359924
-7563.1,-454.8,10.56,104.0,120.64,12.322270507812501,27.226042480468752,0.8524549603462219
-7563.1,-454.8,10.56,98.28,124.80000000000001,8.183621215820313,23.308454589843752,0.6010769009590149
-7563.1,-454.8,11.06,19.5,32.76,14.3104541015625,15.784472656250001,0.911930501461029
-7563.1,-454.8,11.06,9.620000000000001,53.82,13.649468994140626,10.766246337890626,0.8915247917175293
-7563.1,-454.8,11.56,9.620000000000001,53.56,13.815191650390625,11.032259521484375,0.8879839181900024
-7563.1,-454.8,11.56,20.28,32.5,14.345360107421875,14.174752197265624,0.7295131683349609
-7563.1,-454.8,12.06,9.36,53.82,12.777115478515626,11.675684814453126,0.6875091195106506
-7563.1,-454.8,9.06,85.54,39.26,19.373801269531253,17.686567382812502,0.9425641298294067
-7563.1,-454.8,9.06,18.98,32.5,14.152324218750001,16.0989697265625,0.9352571964263916
-7563.1,-454.8,9.06,55.120000000000005,103.48,17.159212646484374,19.434299316406253,0.9339434504508972
-7563.1,-454.8,9.06,109.98,83.98,18.57449951171875,17.80365966796875,0.9292156100273132
-7563.1,-454.8,9.06,72.54,70.98,17.6950341796875,17.13410888671875,0.9289569854736328
-7563.1,-454.8,9.06,56.42,54.34,19.02611572265625,17.06352783203125,0.9284407496452332
-7563.1,-454.8,9.06,36.14,14.56,18.896578369140624,18.323509521484375,0.9282764792442322
-7563.1,-454.8,9.06,97.5,67.60000000000001,16.0352099609375,18.434951171875,0.9227275848388672
-7563.1,-454.8,9.06,28.080000000000002,56.160000000000004,18.4497998046875,15.6566357421875,0.9209391474723816
-7563.1,-454.8,9.06,29.380000000000003,100.62,17.297937011718748,17.751757812500003,0.9063010215759277
-7563.1,-454.8,9.06,106.08,120.12,12.3796630859375,26.581865234375,0.8871665000915527
-7563.1,-454.8,9.06,9.36,54.08,13.427784423828125,10.90815185546875,0.8857958316802979
-7563.1,-454.8,9.06,122.72,9.36,19.339864501953127,10.553447265625001,0.884786069393158
-7563.1,-454.8,9.06,0.26,33.28,19.046846923828124,8.700411987304689,0.8719422221183777
-7563.1,-454.8,9.06,0.26,80.60000000000001,19.110701904296874,7.771259155273438,0.8567922711372375
-7563.1,-454.8,9.06,2.08,7.0200000000000005,15.8454931640625,10.637354736328126,0.8380761742591858
-7563.1,-454.8,9.06,0.26,124.54,7.820184326171875,18.872490234375,0.8362662196159363
-7563.1,-454.8,9.06,55.9,0.52,6.1543078613281255,19.93196044921875,0.7439111471176147
-7563.1,-454.8,9.06,99.32000000000001,124.54,8.866417236328125,21.7525341796875,0.6809378862380981
-7563.1,-454.8,8.56,85.54,39.52,19.264521484375,17.52531982421875,0.945139467716217
-7563.1,-454.8,8.56,36.14,14.56,18.945201416015625,18.324051513671876,0.9379239678382874
-7563.1,-454.8,8.56,18.98,32.5,14.26783935546875,15.974234619140626,0.9356279373168945
-7563.1,-454.8,8.56,110.24000000000001,84.24000000000001,18.128176269531252,17.57023681640625,0.9347826838493347
-7563.1,-454.8,8.56,54.86,103.48,17.1612060546875,19.463408203125,0.9346027970314026
-7563.1,-454.8,8.56,73.06,71.24000000000001,17.205598144531248,16.596715087890626,0.9325710535049438
-7563.1,-454.8,8.56,56.68,54.34,19.021608886718752,16.503780517578125,0.9304316639900208
-7563.1,-454.8,8.56,97.76,67.86,15.65397705078125,18.470787353515625,0.9284405708312988
-7563.1,-454.8,8.56,28.080000000000002,56.42,17.848209228515625,15.696673583984376,0.9274106025695801
-7563.1,-454.8,8.56,29.12,100.62,16.945681152343752,17.703282470703122,0.9236279726028442
-7563.1,-454.8,8.56,122.98,9.620000000000001,19.019305419921878,10.3694140625,0.8974636793136597
-7563.1,-454.8,8.56,9.1,54.34,13.274384765625,11.0622900390625,0.8845759630203247
-7563.1,-454.8,8.56,1.82,7.0200000000000005,15.586135253906251,10.996082763671875,0.8783226013183594
-7563.1,-454.8,8.56,108.42,119.86,12.50996826171875,23.84725830078125,0.8755050897598267
-7563.1,-454.8,8.56,0.26,33.28,19.245874023437498,8.570300292968751,0.8677937984466553
-7563.1,-454.8,8.56,0.26,80.60000000000001,18.87633056640625,7.753753051757813,0.8664821982383728
-7563.1,-454.8,8.56,0.26,124.54,7.734158325195313,18.264061279296875,0.8483153581619263
-7563.1,-454.8,8.56,56.160000000000004,0.26,6.214303588867187,19.410025634765624,0.795967698097229
-7563.1,-454.8,8.56,99.58,124.80000000000001,8.840711059570314,19.471812744140625,0.7819080948829651
-7563.1,-454.8,8.06,85.28,39.52,19.001623535156252,17.341175537109375,0.9455670118331909
-7563.1,-454.8,8.06,36.14,14.56,19.405550537109374,18.499891357421877,0.9410141110420227
-7563.1,-454.8,8.06,18.98,32.76,14.078812255859376,16.03329833984375,0.9377375245094299
-7563.1,-454.8,8.06,109.98,83.98,18.29046630859375,18.1504248046875,0.9364878535270691
-7563.1,-454.8,8.06,73.06,71.24000000000001,17.125877685546875,16.559844970703125,0.9351898431777954
-7563.1,-454.8,8.06,54.86,103.74000000000001,16.49778076171875,19.357921142578128,0.9338951706886292
-7563.1,-454.8,8.06,56.940000000000005,54.34,18.894122314453124,16.27248291015625,0.9310504198074341
-7563.1,-454.8,8.06,97.76,67.86,15.621278076171874,18.535477294921876,0.9284218549728394
-7563.1,-454.8,8.06,29.12,100.62,16.821673583984374,17.62546142578125,0.9278568625450134
-7563.1,-454.8,8.06,28.34,56.42,17.59585571289063,15.70838134765625,0.9255051016807556
-7563.1,-454.8,8.06,122.98,9.88,18.716463623046874,10.204672851562501,0.9018394947052002
-7563.1,-454.8,8.06,1.56,7.0200000000000005,15.823984375,11.1808154296875,0.8817952275276184
-7563.1,-454.8,8.06,108.16,119.86,12.35450439453125,23.490019531250002,0.878559410572052
-7563.1,-454.8,8.06,8.84,54.08,13.996651611328126,11.19035400390625,0.8783921599388123
-7563.1,-454.8,8.06,0.26,33.28,19.155443115234377,8.41214599609375,0.8713376522064209
-7563.1,-454.8,8.06,0.26,80.08,19.3199560546875,7.7920458984375,0.8676722049713135
-7563.1,-454.8,8.06,0.26,124.54,7.905140991210938,17.984648437500002,0.8446549773216248
-7563.1,-454.8,8.06,56.42,0.26,6.498649291992188,18.805544433593752,0.8238111734390259
-7563.1,-454.8,8.06,99.58,124.54,9.205052490234376,19.686719970703127,0.7134714722633362
-7563.1,-454.8,7.56,85.28,39.52,18.55147216796875,17.52236938476563,0.9466302990913391
-7563.1,-454.8,7.56,35.88,14.3,19.73873779296875,18.2418701171875,0.9405912756919861
-7563.1,-454.8,7.56,18.98,32.76,14.147221679687501,15.748087158203125,0.9394851326942444
-7563.1,-454.8,7.56,109.98,83.98,17.994736328125,17.970887451171873,0.9369984865188599
-7563.1,-454.8,7.56,72.8,71.24000000000001,17.218896484374998,16.79323974609375,0.9366361498832703
-7563.1,-454.8,7.56,54.86,104.0,15.98022216796875,19.188006591796878,0.9352905750274658
-7563.1,-454.8,7.56,56.68,54.34,18.6686474609375,16.590953369140628,0.9303798675537109
-7563.1,-454.8,7.56,28.34,56.160000000000004,17.3452783203125,15.832760009765625,0.9283173680305481
-7563.1,-454.8,7.56,97.76,67.86,15.515301513671874,18.299390869140623,0.9268775582313538
-7563.1,-454.8,7.56,29.380000000000003,100.62,16.430028076171876,17.176507568359376,0.9239962697029114
-7563.1,-454.8,7.56,122.98,9.88,18.33324462890625,10.142576904296876,0.9030429720878601
-7563.1,-454.8,7.56,107.9,119.60000000000001,12.714967041015626,23.212709960937502,0.8840017318725586
-7563.1,-454.8,7.56,0.26,33.02,19.294440917968753,8.316690063476562,0.8794578313827515
-7563.1,-454.8,7.56,1.56,7.28,15.514680175781251,11.071677246093751,0.8696231842041016
-7563.1,-454.8,7.56,0.26,79.56,19.878659667968748,7.702377319335938,0.865936279296875
-7563.1,-454.8,7.56,9.1,54.6,14.423414306640625,10.529708251953124,0.8502699136734009
-7563.1,-454.8,7.56,0.26,124.28,8.091793823242188,17.50430419921875,0.8364920020103455
-7563.1,-454.8,7.56,56.160000000000004,0.0,5.990587768554688,19.173238525390627,0.8293476104736328
-7563.1,-454.8,7.56,100.10000000000001,124.02000000000001,9.624922485351561,19.23051025390625,0.6533066034317017
-7563.1,-454.8,7.06,85.28,39.52,18.5721435546875,17.572730712890625,0.9447870254516602
-7563.1,-454.8,7.06,35.620000000000005,14.040000000000001,19.74759765625,18.253419189453126,0.941825270652771
-7563.1,-454.8,7.06,110.24000000000001,83.98,17.650740966796874,17.54391357421875,0.9379982948303223
-7563.1,-454.8,7.06,73.06,71.24000000000001,17.156042480468752,16.429205322265624,0.9378983378410339
-7563.1,-454.8,7.06,54.6,103.48,16.365406494140625,19.27297607421875,0.9356507062911987
-7563.1,-454.8,7.06,19.240000000000002,32.24,15.256585693359375,15.284296875,0.9350624680519104
-7563.1,-454.8,7.06,28.080000000000002,56.160000000000004,17.66020751953125,15.975164794921875,0.9342663884162903
-7563.1,-454.8,7.06,56.42,54.08,18.841815185546874,16.639632568359374,0.9333193302154541
-7563.1,-454.8,7.06,97.5,67.86,15.293811035156251,18.34691650390625,0.9281304478645325
-7563.1,-454.8,7.06,29.380000000000003,100.36,16.375174560546878,17.243897705078126,0.9253172874450684
-7563.1,-454.8,7.06,122.98,9.88,18.4402294921875,10.214420166015625,0.8997781276702881
-7563.1,-454.8,7.06,107.64,119.60000000000001,12.695953369140625,23.77572998046875,0.8854890465736389
-7563.1,-454.8,7.06,0.26,32.76,19.235927734375,8.284474487304687,0.8834077715873718
-7563.1,-454.8,7.06,0.52,79.82000000000001,19.83669311523438,7.579041748046875,0.875260055065155
-7563.1,-454.8,7.06,0.26,124.28,8.123019409179689,17.679764404296876,0.8462977409362793
-7563.1,-454.8,7.06,1.82,7.0200000000000005,15.566572265625002,10.550255126953125,0.844884991645813
-7563.1,-454.8,7.06,56.160000000000004,0.26,5.836809082031251,18.586871337890628,0.8303415179252625
-7563.1,-454.8,7.06,8.84,52.52,16.10576171875,11.511416015625,0.7134345173835754
-7563.1,-454.8,7.06,100.36,124.02000000000001,9.431646118164064,18.660693359375,0.6367683410644531
-7563.1,-454.8,6.56,85.28,39.52,19.128122558593752,17.696513671875003,0.9455540776252747
-7563.1,-454.8,6.56,35.88,14.3,19.89057861328125,18.136632080078126,0.9406061768531799
-7563.1,-454.8,6.56,110.24000000000001,83.98,17.884931640625002,17.61888427734375,0.9382039308547974
-7563.1,-454.8,6.56,27.82,55.9,17.95409423828125,15.904005126953125,0.9368247389793396
-7563.1,-454.8,6.56,72.8,71.24000000000001,17.182543945312503,16.794940185546878,0.9353886246681213
-7563.1,-454.8,6.56,56.42,54.08,19.162333984375003,16.34109619140625,0.9338058829307556
-7563.1,-454.8,6.56,54.86,103.48,16.803436279296875,19.328737792968752,0.9333339929580688
-7563.1,-454.8,6.56,97.5,68.12,15.519586181640625,18.257528076171873,0.9281910061836243
-7563.1,-454.8,6.56,29.380000000000003,100.62,16.741102294921877,17.070805664062497,0.9264538884162903
-7563.1,-454.8,6.56,123.24000000000001,9.88,18.95208374023438,9.99572265625,0.9006249308586121
-7563.1,-454.8,6.56,19.76,32.24,15.578863525390625,15.04314453125,0.8957558274269104
-7563.1,-454.8,6.56,106.08,119.08,13.26486328125,25.88614013671875,0.8886005878448486
-7563.1,-454.8,6.56,0.26,33.28,18.581497802734376,8.367127685546876,0.8877081871032715
-7563.1,-454.8,6.56,0.52,79.82000000000001,19.980162353515627,7.50357177734375,0.8796266317367554
-7563.1,-454.8,6.56,1.82,6.76,15.739913330078124,10.280733642578125,0.8488729000091553
-7563.1,-454.8,6.56,0.0,124.28,8.10384765625,18.3794140625,0.8473325967788696
-7563.1,-454.8,6.56,56.160000000000004,0.0,5.927567749023438,18.5724609375,0.8302604556083679
-7563.1,-454.8,6.06,85.54,39.52,19.51966552734375,17.612130126953126,0.9439016580581665
-7563.1,-454.8,6.06,110.24000000000001,83.98,18.101201171874997,17.852907714843752,0.9372329711914062
-7563.1,-454.8,6.06,55.120000000000005,103.22,17.39159423828125,19.39341064453125,0.9364017248153687
-7563.1,-454.8,6.06,36.14,14.56,19.6725732421875,18.28556884765625,0.9358885884284973
-7563.1,-454.8,6.06,72.8,70.98,17.492642822265626,16.844136962890627,0.93416827917099
-7563.1,-454.8,6.06,56.68,53.56,19.565599365234377,16.47557861328125,0.9331377744674683
-7563.1,-454.8,6.06,28.080000000000002,55.64,18.2398974609375,16.004600830078125,0.9305794835090637
-7563.1,-454.8,6.06,97.76,68.12,15.775213623046875,18.2994775390625,0.9303056597709656
-7563.1,-454.8,6.06,29.12,100.62,16.904671630859372,17.405150146484374,0.9263281226158142
-7563.1,-454.8,6.06,122.72,10.14,18.6040283203125,10.330225830078126,0.9032906293869019
-7563.1,-454.8,6.06,105.3,119.34,13.06302978515625,26.966086425781253,0.8842374086380005
-7563.1,-454.8,6.06,0.26,33.54,17.775561523437503,8.590460815429687,0.8791059255599976
-7563.1,-454.8,6.06,0.52,80.08,19.606837158203124,7.491776733398438,0.869368314743042
-7563.1,-454.8,6.06,0.0,124.02000000000001,8.15650146484375,18.936429443359373,0.8517007231712341
-7563.1,-454.8,6.06,1.82,6.76,16.2470068359375,10.157446899414063,0.8229696750640869
-7563.1,-454.8,6.06,55.38,0.0,5.734696044921876,19.832825927734373,0.8132510185241699
-7563.1,-454.8,5.56,85.28,39.78,19.651690673828128,18.1400341796875,0.9439517259597778
-7563.1,-454.8,5.56,54.86,102.96000000000001,17.974909667968753,19.798776855468752,0.936440646648407
-7563.1,-454.8,5.56,36.14,14.82,19.49884765625,18.584602050781253,0.934853196144104
-7563.1,-454.8,5.56,109.98,83.46000000000001,19.042393798828126,17.675812988281248,0.9310542345046997
-7563.1,-454.8,5.56,72.8,70.72,17.6628271484375,17.2514501953125,0.9297024011611938
-7563.1,-454.8,5.56,56.68,53.82,19.20376708984375,16.923250732421874,0.9295028448104858
-7563.1,-454.8,5.56,98.02000000000001,68.12,16.19876220703125,17.83889404296875,0.9254423975944519
-7563.1,-454.8,5.56,28.6,100.36,17.227098388671877,18.129283447265625,0.9195664525032043
-7563.1,-454.8,5.56,122.72,9.620000000000001,19.260087890625,10.416143798828125,0.9035792946815491
-7563.1,-454.8,5.56,28.34,55.38,18.396790771484376,16.146949462890625,0.8899174928665161
-7563.1,-454.8,5.56,102.44,118.82000000000001,13.728790283203125,29.19633056640625,0.8845574855804443
-7563.1,-454.8,5.56,0.52,33.54,17.662319335937504,8.377669677734374,0.8642811179161072
-7563.1,-454.8,5.56,0.52,80.08,19.417998046875002,7.221261596679688,0.8583948612213135
-7563.1,-454.8,5.56,-0.52,123.5,8.447611694335938,20.22640625,0.8417466282844543
-7563.1,-454.8,5.56,55.64,0.0,6.2378125,20.224439697265627,0.8397170305252075
-7563.1,-454.8,5.56,1.82,5.46,18.949604492187504,9.582677612304687,0.7251868844032288
-7563.1,-454.8,5.06,54.86,102.7,18.661096191406248,20.400091552734377,0.9363765716552734
-7563.1,-454.8,5.06,84.76,39.26,20.774677734375,18.851771240234378,0.9288915991783142
-7563.1,-454.8,5.06,72.54,70.72,17.573966064453124,17.068072509765624,0.9111387729644775
-7563.1,-454.8,5.06,36.660000000000004,14.3,20.17350830078125,18.542596435546876,0.9090425372123718
-7563.1,-454.8,5.06,56.42,53.300000000000004,20.109689941406252,17.7722705078125,0.8982424139976501
-7563.1,-454.8,5.06,97.76,68.12,15.497874755859376,17.08301513671875,0.8922960162162781
-7563.1,-454.8,5.06,122.72,9.1,19.751474609375002,10.283334960937502,0.8673734664916992
-7563.1,-454.8,5.06,28.6,100.62,17.858160400390627,18.834295654296874,0.8602206110954285
-7563.1,-454.8,5.06,-0.52,122.98,8.630180053710937,20.606135253906253,0.8276829123497009
-7563.1,-454.8,5.06,109.72,83.72,19.114858398437498,18.5016796875,0.826368510723114
-7563.1,-454.8,5.06,0.52,80.08,19.45151611328125,7.3289904785156255,0.824091911315918
-7563.1,-454.8,5.06,55.64,0.52,6.070816650390625,21.092402343750003,0.8176915645599365
-7563.1,-454.8,5.06,0.78,33.800000000000004,17.247385253906252,8.31877685546875,0.8074098229408264
-7563.1,-454.8,4.56,55.9,0.78,6.569195556640626,20.32862548828125,0.8056046366691589
-7563.1,-454.8,4.56,-0.26,124.02000000000001,8.912897949218749,23.11807373046875,0.7431439161300659
-7563.1,-454.8,4.56,1.04,79.04,22.01905029296875,6.726226806640626,0.6837454438209534
-7563.1,-454.8,4.56,36.660000000000004,14.56,21.11899169921875,19.143731689453126,0.5222691297531128
-7563.1,-454.8,4.06,55.38,0.26,6.67822998046875,21.05370361328125,0.6805543303489685
-7363.1,-454.8,9.56,97.5,112.84,16.84070556640625,18.487882080078126,0.9332234263420105
-7363.1,-454.8,9.56,70.98,86.84,14.67810546875,14.56295166015625,0.9304803609848022
-7363.1,-454.8,9.56,96.46000000000001,87.10000000000001,17.640120849609374,18.88343994140625,0.9283229112625122
-7363.1,-454.8,9.56,60.32,0.26,20.879921875,19.919818115234374,0.9265660047531128
-7363.1,-454.8,9.56,82.94,49.4,15.4638623046875,15.633168945312502,0.9260752201080322
-7363.1,-454.8,9.56,115.96000000000001,55.120000000000005,16.357248535156252,16.735167236328124,0.9168930649757385
-7363.1,-454.8,9.56,30.94,41.34,18.531058349609374,18.15896240234375,0.9055908918380737
-7363.1,-454.8,9.56,64.48,46.02,17.848381347656254,15.834993896484375,0.8886948823928833
-7363.1,-454.8,9.56,78.78,65.52,13.512174072265625,12.7506396484375,0.8864779472351074
-7363.1,-454.8,9.56,124.02000000000001,100.10000000000001,18.75304931640625,9.473050537109376,0.8704023361206055
-7363.1,-454.8,9.56,125.32000000000001,4.42,18.16035888671875,8.053282470703126,0.8562148809432983
-7363.1,-454.8,9.56,125.84,27.04,13.776923828125001,6.543425292968751,0.8359861969947815
-7363.1,-454.8,9.56,116.48,122.46000000000001,10.74772705078125,16.6746875,0.8158170580863953
-7363.1,-454.8,9.56,125.58,87.10000000000001,15.29756591796875,6.183911743164063,0.6296120882034302
-7363.1,-454.8,9.56,46.28,76.7,15.46766845703125,18.669692382812503,0.5411465167999268
-7363.1,-454.8,10.06,97.5,112.84,16.443702392578125,18.60898193359375,0.938075602054596
-7363.1,-454.8,10.06,96.46000000000001,86.84,17.66320068359375,18.695067138671877,0.9276717305183411
-7363.1,-454.8,10.06,71.24000000000001,86.84,14.588531494140627,14.698424072265626,0.9275928735733032
-7363.1,-454.8,10.06,83.46000000000001,49.14,15.065400390625001,14.880838623046875,0.9182740449905396
-7363.1,-454.8,10.06,116.22,55.120000000000005,16.132637939453126,16.3328125,0.9096717238426208
-7363.1,-454.8,10.06,78.78,65.52,13.636156005859375,12.672899169921875,0.903549313545227
-7363.1,-454.8,10.06,125.58,28.080000000000002,13.361715087890625,7.121195068359375,0.8531807661056519
-7363.1,-454.8,10.06,124.54,100.10000000000001,18.438243408203125,8.973008422851562,0.8465258479118347
-7363.1,-454.8,10.06,125.06,4.42,17.961683349609373,8.243115234375,0.8273444771766663
-7363.1,-454.8,10.06,116.22,122.98,10.398068847656251,17.085823974609376,0.8170742392539978
-7363.1,-454.8,10.06,62.660000000000004,46.800000000000004,15.274989013671876,16.86247802734375,0.8170376420021057
-7363.1,-454.8,10.06,123.76,88.66,13.857700195312502,9.487188110351564,0.7766743302345276
-7363.1,-454.8,10.06,60.84,-0.52,23.9648486328125,19.074970703125004,0.7715542912483215
-7363.1,-454.8,10.56,97.76,112.84,16.238874511718752,18.4591455078125,0.9343030452728271
-7363.1,-454.8,10.56,70.98,86.84,14.454327392578126,15.084666748046875,0.9226976633071899
-7363.1,-454.8,10.56,96.2,86.84,17.03484375,18.93515380859375,0.9221565127372742
-7363.1,-454.8,10.56,83.98,49.14,15.153972167968751,14.50207763671875,0.9136273264884949
-7363.1,-454.8,10.56,78.78,65.26,14.033461914062501,13.070440673828125,0.9080326557159424
-7363.1,-454.8,10.56,125.58,28.34,13.612562255859375,7.34832763671875,0.8634524345397949
-7363.1,-454.8,10.56,115.44,54.86,16.853446044921874,17.400350341796877,0.8531449437141418
-7363.1,-454.8,10.56,124.80000000000001,100.36,17.855024414062502,8.931577148437501,0.8380141258239746
-7363.1,-454.8,10.56,115.96000000000001,122.98,10.33106689453125,17.26565673828125,0.8306270241737366
-7363.1,-454.8,10.56,123.5,88.4,13.590604248046876,9.581156005859375,0.8065487146377563
-7363.1,-454.8,10.56,125.06,4.42,18.36384033203125,7.958504028320313,0.7587797045707703
-7363.1,-454.8,10.56,61.620000000000005,46.800000000000004,15.076364746093752,17.67288330078125,0.6075025200843811
-7363.1,-454.8,11.06,98.02000000000001,112.58,16.7249609375,18.33396118164063,0.9282708168029785
-7363.1,-454.8,11.06,78.52,65.0,14.268380126953124,13.66149658203125,0.9063987731933594
-7363.1,-454.8,11.06,95.94,86.32000000000001,17.6434814453125,18.958732910156254,0.9034844040870667
-7363.1,-454.8,11.06,84.24000000000001,49.660000000000004,14.778663330078126,13.976298828125,0.9026778936386108
-7363.1,-454.8,11.06,70.46000000000001,86.58,14.786864013671876,15.334388427734376,0.8794509768486023
-7363.1,-454.8,11.06,125.32000000000001,28.6,13.646558837890625,7.488968505859375,0.8695411682128906
-7363.1,-454.8,11.06,123.24000000000001,87.62,13.949592285156251,10.073795776367188,0.8553964495658875
-7363.1,-454.8,11.06,124.80000000000001,100.36,17.64168579101563,8.835640869140626,0.8041730523109436
-7363.1,-454.8,11.06,115.44,122.46000000000001,10.691900634765625,18.012861328125,0.777219831943512
-7363.1,-454.8,11.56,78.52,65.26,13.426005859375001,12.96652099609375,0.9012318849563599
-7363.1,-454.8,11.56,122.98,87.10000000000001,14.66829345703125,10.480660400390624,0.8773496150970459
-7363.1,-454.8,11.56,125.32000000000001,28.86,13.4240185546875,7.3966943359375,0.8598061203956604
-7363.1,-454.8,11.56,83.72,50.18,14.67350341796875,14.697673339843751,0.8495749831199646
-7363.1,-454.8,11.56,98.54,112.58,16.976083984375,18.21581298828125,0.8489106297492981
-7363.1,-454.8,11.56,124.28,99.84,18.630732421875003,9.51462585449219,0.722263514995575
-7363.1,-454.8,12.06,78.0,63.96,14.255426025390626,14.77176513671875,0.89731764793396
-7363.1,-454.8,12.06,123.5,87.36,13.956409912109375,10.31233642578125,0.8617811799049377
-7363.1,-454.8,12.06,125.58,28.86,13.24960693359375,7.408045043945313,0.8400910496711731
-7363.1,-454.8,12.56,123.76,87.88000000000001,12.983653564453126,10.1568310546875,0.8504691123962402
-7363.1,-454.8,12.56,125.84,28.86,13.222696533203127,7.149860229492188,0.8376867771148682
-7363.1,-454.8,12.56,77.48,64.22,13.8880126953125,14.711448974609375,0.819646954536438
-7363.1,-454.8,13.06,123.76,87.88000000000001,13.044229736328125,9.993642578125,0.8421879410743713
-7363.1,-454.8,13.06,126.36,28.080000000000002,13.159732666015625,6.738340454101563,0.8134540915489197
-7363.1,-454.8,13.56,124.02000000000001,87.10000000000001,13.715125732421876,9.415598754882812,0.8123725056648254
-7363.1,-454.8,13.56,126.10000000000001,28.080000000000002,13.636328125,6.903939208984375,0.7669914960861206
-7363.1,-454.8,9.06,30.68,41.34,18.8771142578125,19.345859375,0.9399175643920898
-7363.1,-454.8,9.06,71.5,86.58,14.847864990234376,14.3146923828125,0.9329268932342529
-7363.1,-454.8,9.06,96.46000000000001,87.10000000000001,17.741823730468752,18.546816406250002,0.932698667049408
-7363.1,-454.8,9.06,97.5,112.58,16.889936523437502,18.39318115234375,0.9309014678001404
-7363.1,-454.8,9.06,60.32,0.26,20.475902099609378,19.995738525390625,0.9294169545173645
-7363.1,-454.8,9.06,116.48,54.86,16.63705078125,16.512200927734376,0.9209052920341492
-7363.1,-454.8,9.06,63.7,46.28,18.1022021484375,17.00403198242188,0.9158523082733154
-7363.1,-454.8,9.06,82.16,49.4,17.0030615234375,16.93359130859375,0.9089948534965515
-7363.1,-454.8,9.06,47.32,76.96000000000001,14.911199951171875,16.9989501953125,0.908344030380249
-7363.1,-454.8,9.06,123.76,100.10000000000001,18.532747802734374,10.003231811523438,0.8683617115020752
-7363.1,-454.8,9.06,125.32000000000001,4.94,17.595115966796875,8.238911743164063,0.8650412559509277
-7363.1,-454.8,9.06,104.26,20.54,18.61219482421875,19.025150146484375,0.8635481595993042
-7363.1,-454.8,9.06,116.22,122.72,10.728509521484376,17.003765869140626,0.8168851137161255
-7363.1,-454.8,9.06,79.82000000000001,57.980000000000004,21.08470947265625,15.448090820312501,0.7971889972686768
-7363.1,-454.8,9.06,126.62,26.78,14.10568359375,5.787402954101562,0.7893214821815491
-7363.1,-454.8,8.56,30.68,41.34,18.94041015625,19.230383300781252,0.9417539238929749
-7363.1,-454.8,8.56,103.22,20.28,19.67177978515625,20.506857910156253,0.9353050589561462
-7363.1,-454.8,8.56,60.580000000000005,0.26,20.6926318359375,20.14676025390625,0.9350050091743469
-7363.1,-454.8,8.56,47.32,76.96000000000001,15.068135986328125,17.015329589843752,0.9326448440551758
-7363.1,-454.8,8.56,96.46000000000001,87.10000000000001,17.69872314453125,18.6532666015625,0.9317321181297302
-7363.1,-454.8,8.56,71.24000000000001,86.58,14.97596923828125,14.493082275390625,0.9310021996498108
-7363.1,-454.8,8.56,97.5,112.58,16.876939697265627,18.269423828125,0.928493082523346
-7363.1,-454.8,8.56,63.18,46.02,19.241729736328125,18.0313330078125,0.9254571199417114
-7363.1,-454.8,8.56,116.22,54.6,16.6506201171875,16.8373486328125,0.9193899631500244
-7363.1,-454.8,8.56,79.82000000000001,52.78,25.655581054687502,18.444826660156252,0.8992375731468201
-7363.1,-454.8,8.56,125.32000000000001,5.2,17.41252197265625,8.133589477539063,0.8689526915550232
-7363.1,-454.8,8.56,123.5,100.36,18.18540771484375,10.23816650390625,0.8675264716148376
-7363.1,-454.8,8.56,116.48,122.72,10.738758544921875,16.708043212890626,0.8160920739173889
-7363.1,-454.8,8.56,127.66000000000001,26.26,14.4877294921875,4.716622924804688,0.6684204936027527
-7363.1,-454.8,8.06,102.96000000000001,20.28,19.57705322265625,20.697478027343752,0.9456315040588379
-7363.1,-454.8,8.06,30.68,41.34,18.71098388671875,19.26523193359375,0.9425594210624695
-7363.1,-454.8,8.06,47.06,76.7,15.10215087890625,17.2918310546875,0.9365113973617554
-7363.1,-454.8,8.06,60.32,0.26,20.5312890625,20.069930419921874,0.9346244931221008
-7363.1,-454.8,8.06,96.2,86.84,17.769880371093752,18.825390625,0.9330762028694153
-7363.1,-454.8,8.06,71.24000000000001,86.32000000000001,15.170556640625,14.514705810546875,0.9302507638931274
-7363.1,-454.8,8.06,97.5,112.58,17.23669189453125,18.275047607421875,0.9277105927467346
-7363.1,-454.8,8.06,79.56,52.0,25.00897705078125,18.5096826171875,0.9261579513549805
-7363.1,-454.8,8.06,62.660000000000004,46.02,18.410460205078124,17.219344482421878,0.9231248497962952
-7363.1,-454.8,8.06,116.22,54.6,16.430731201171874,16.886939697265625,0.9166349768638611
-7363.1,-454.8,8.06,123.5,99.84,18.469898681640625,10.0720361328125,0.8668673038482666
-7363.1,-454.8,8.06,125.32000000000001,5.2,17.302927246093752,8.314803466796874,0.8648536205291748
-7363.1,-454.8,8.06,116.22,122.98,10.437080078125,16.840151367187502,0.8255496621131897
-7363.1,-454.8,8.06,127.92,26.78,14.229473876953126,4.4870849609375005,0.6326459646224976
-7363.1,-454.8,7.56,102.96000000000001,20.54,19.1438330078125,20.78773681640625,0.9496800899505615
-7363.1,-454.8,7.56,30.68,41.34,18.723269042968752,18.79897216796875,0.9374743700027466
-7363.1,-454.8,7.56,47.06,76.7,14.92994384765625,17.051893310546877,0.9373966455459595
-7363.1,-454.8,7.56,60.32,0.26,20.588981933593754,20.34621337890625,0.9348564147949219
-7363.1,-454.8,7.56,79.3,52.78,23.80146484375,18.819451904296876,0.9332451820373535
-7363.1,-454.8,7.56,71.5,86.58,14.897265625000001,14.19087646484375,0.9307629466056824
-7363.1,-454.8,7.56,97.5,112.58,17.080863037109374,18.352474365234375,0.9274324774742126
-7363.1,-454.8,7.56,95.94,87.10000000000001,17.774196777343754,19.214482421875,0.9261991381645203
-7363.1,-454.8,7.56,116.22,54.34,16.806467285156252,16.39491455078125,0.9236007928848267
-7363.1,-454.8,7.56,62.400000000000006,46.02,18.09907470703125,17.6130615234375,0.9219107627868652
-7363.1,-454.8,7.56,123.76,99.84,18.773955078125002,9.831087646484375,0.8715361952781677
-7363.1,-454.8,7.56,125.06,5.46,17.478826904296877,8.340994873046876,0.8591586947441101
-7363.1,-454.8,7.56,116.22,123.5,10.147344360351564,16.71209716796875,0.8060667514801025
-7363.1,-454.8,7.56,128.70000000000002,27.04,13.8522900390625,3.709192810058594,0.5312592387199402
-7363.1,-454.8,7.06,102.96000000000001,20.54,19.25873291015625,20.6811572265625,0.9540956020355225
-7363.1,-454.8,7.06,46.800000000000004,76.7,14.801038818359375,17.355120849609378,0.9390994310379028
-7363.1,-454.8,7.06,30.42,42.9,17.347344970703126,18.856566162109377,0.9387101531028748
-7363.1,-454.8,7.06,79.56,53.56,22.7469140625,17.870003662109376,0.9352798461914062
-7363.1,-454.8,7.06,60.32,0.0,20.90432861328125,20.073359375,0.9346912503242493
-7363.1,-454.8,7.06,97.5,112.58,17.231484375,18.588964843750002,0.9280298948287964
-7363.1,-454.8,7.06,96.2,87.36,17.893931884765625,18.8407763671875,0.926727831363678
-7363.1,-454.8,7.06,116.22,54.86,16.508824462890626,16.452427978515626,0.9247065782546997
-7363.1,-454.8,7.06,70.98,86.84,14.483785400390627,14.517871093750001,0.9118004441261292
-7363.1,-454.8,7.06,62.400000000000006,46.02,18.023900146484376,16.84106201171875,0.907522976398468
-7363.1,-454.8,7.06,123.76,99.84,18.74567016601563,9.667118530273436,0.8613852262496948
-7363.1,-454.8,7.06,125.06,5.720000000000001,17.30814208984375,8.512879638671876,0.861325204372406
-7363.1,-454.8,7.06,115.96000000000001,123.76,9.830084838867187,17.38076416015625,0.788258969783783
-7363.1,-454.8,6.56,102.7,20.54,19.442916259765628,21.24628662109375,0.9504544138908386
-7363.1,-454.8,6.56,79.3,54.6,21.7613525390625,17.574626464843753,0.9384343028068542
-7363.1,-454.8,6.56,46.800000000000004,76.7,15.220218505859377,17.604931640625,0.9380431175231934
-7363.1,-454.8,6.56,30.16,42.64,17.643043212890625,18.879722900390625,0.9365465641021729
-7363.1,-454.8,6.56,60.32,0.0,21.09256591796875,19.697239990234376,0.9332903623580933
-7363.1,-454.8,6.56,97.24000000000001,112.58,17.316358642578127,18.72953125,0.9273200035095215
-7363.1,-454.8,6.56,96.46000000000001,87.36,17.643435058593752,18.51636108398438,0.9244222640991211
-7363.1,-454.8,6.56,116.22,54.86,16.491259765625,16.48828857421875,0.9206385612487793
-7363.1,-454.8,6.56,125.32000000000001,5.2,17.80025634765625,8.256724853515625,0.8744877576828003
-7363.1,-454.8,6.56,124.02000000000001,100.36,18.437082519531252,9.535231933593751,0.8568679690361023
-7363.1,-454.8,6.56,115.7,124.28,9.33192138671875,18.155294189453127,0.7105185389518738
-7363.1,-454.8,6.06,102.7,20.02,20.20581787109375,21.504208984375,0.942763090133667
-7363.1,-454.8,6.06,30.42,41.08,19.303448486328126,19.700789794921878,0.936531662940979
-7363.1,-454.8,6.06,46.800000000000004,76.96000000000001,15.334428710937502,17.77390625,0.9348269701004028
-7363.1,-454.8,6.06,60.32,0.0,21.4109375,20.236734619140627,0.9322391152381897
-7363.1,-454.8,6.06,79.04,54.86,20.8640869140625,17.393199462890625,0.9252303838729858
-7363.1,-454.8,6.06,97.24000000000001,112.58,17.736002197265627,18.782276611328125,0.9078648090362549
-7363.1,-454.8,6.06,116.48,55.38,16.144749755859376,16.248084716796875,0.8984389901161194
-7363.1,-454.8,6.06,125.32000000000001,4.68,18.541865234375003,8.047639160156251,0.8702465295791626
-7363.1,-454.8,6.06,96.72,87.62,17.504970703125,17.913006591796876,0.8475293517112732
-7363.1,-454.8,6.06,124.54,100.10000000000001,19.283721923828125,9.16323974609375,0.823513388633728
-7363.1,-454.8,6.06,115.44,124.02000000000001,9.709400024414062,18.280078125,0.5285946130752563
-7363.1,-454.8,5.56,60.06,-0.26,22.03612548828125,19.66525146484375,0.9269326329231262
-7363.1,-454.8,5.56,29.380000000000003,42.120000000000005,19.475892333984376,19.89627807617188,0.91518235206604
-7363.1,-454.8,5.56,125.06,4.16,19.420234375,8.299094848632814,0.8628091216087341
-7363.1,-454.8,5.56,102.7,19.5,20.501892089843754,22.691655273437497,0.8406738042831421
-7363.1,-454.8,5.56,45.760000000000005,76.44,16.55336669921875,19.2904296875,0.7800289988517761
-7363.1,-454.8,5.56,117.26,56.160000000000004,16.246966552734374,15.0383349609375,0.5834598541259766
-7363.1,-454.8,5.06,124.80000000000001,4.16,19.770806884765626,8.595796508789064,0.8399853706359863
-7363.1,-454.8,4.56,124.80000000000001,4.16,19.858560791015627,8.481505126953126,0.7990404367446899
-7363.1,-454.8,4.06,125.32000000000001,3.12,21.847924804687498,7.636915893554688,0.6354182362556458
